# Blender v2.78 (sub 0) OBJ File: 'sun_glasses2.blend'
# www.blender.org
mtllib sun_glasses.mtl
o Line02
v -2.930275 0.816993 2.796835
v -2.925357 0.781961 2.796695
v -2.965312 0.812070 2.796820
v -2.960384 0.777038 2.796680
v -2.978290 0.763220 2.852650
v -2.978290 0.763220 2.778684
v -2.900661 0.763220 2.778684
v -2.900661 0.763220 2.826509
v -2.978290 0.837476 2.852650
v -2.900661 0.837476 2.826509
v -2.900661 0.837476 2.778684
v -2.978290 0.837476 2.778684
v -2.882240 0.763220 2.840322
v -2.917517 0.763220 2.915699
v -2.917517 0.837476 2.915699
v -2.882240 0.837476 2.840322
v -2.790724 0.763220 2.841818
v -2.790724 0.763220 2.919446
v -2.773598 0.837476 2.919446
v -2.773598 0.837476 2.841818
v -2.629394 1.081827 2.904227
v -2.772442 0.806727 2.882478
v -2.379224 0.969252 3.034182
v -2.394643 1.276227 2.955414
v -2.809125 0.520629 2.885245
v -2.389775 0.610730 3.072486
v -2.787121 0.161167 2.888717
v -2.361223 0.197189 3.097116
v -0.668744 0.587476 3.426070
v -0.723353 0.287175 3.415453
v -0.410279 0.494953 3.418746
v -0.329584 0.737038 3.406673
v -0.872445 -0.143272 3.356562
v -0.604680 0.175841 3.406913
v -2.012631 1.086235 3.169446
v -2.046187 1.404607 3.039606
v -1.990453 0.708886 3.257641
v -1.952740 0.249466 3.263865
v -2.688085 -0.121263 2.902651
v -2.282884 -0.197591 3.094190
v -2.490012 -0.396364 2.934325
v -2.185574 -0.576095 3.000081
v -1.054243 0.451071 3.408819
v -1.066521 0.047726 3.388807
v -1.140206 -0.378022 3.285778
v -0.697427 1.100238 3.374503
v -0.388270 1.111170 3.357858
v -0.545998 1.268893 3.323057
v -0.843102 1.382598 3.277929
v -0.671726 0.886601 3.408754
v -0.325912 0.916765 3.387766
v -1.574415 1.151080 3.277313
v -1.096229 1.147367 3.348848
v -1.228231 1.437617 3.216806
v -1.624376 1.441285 3.140434
v -1.538128 0.794249 3.365258
v -1.063284 0.850113 3.406958
v -1.516044 0.340668 3.368134
v -1.878729 -0.208692 3.227737
v -1.493040 -0.133521 3.321505
v -1.793096 -0.627447 3.100063
v -1.462986 -0.550419 3.193661
v -2.045462 1.384755 3.055036
v -1.626778 1.421187 3.155148
v -1.629169 1.456194 3.159971
v -2.053982 1.419226 3.058458
v -2.038388 1.389988 3.020764
v -1.619578 1.426375 3.120896
v -2.046923 1.424454 3.024182
v -1.621975 1.461387 3.125719
v -2.388264 1.258446 2.972194
v -2.406375 1.289386 2.973325
v -2.382916 1.263069 2.937508
v -2.401027 1.294008 2.938638
v -2.617001 1.069024 2.922318
v -2.645013 1.091753 2.921293
v -2.613779 1.071896 2.887172
v -2.641796 1.094630 2.886146
v -2.756337 0.801088 2.901150
v -2.790573 0.811865 2.899144
v -2.754316 0.801593 2.865813
v -2.788552 0.812370 2.863812
v -2.792384 0.520249 2.903892
v -2.827842 0.521410 2.901921
v -2.790403 0.519844 2.868570
v -2.825865 0.521005 2.866599
v -2.770616 0.165034 2.907304
v -2.805568 0.157925 2.905438
v -2.768660 0.164409 2.871982
v -2.803617 0.157299 2.870121
v -2.673406 -0.112157 2.920977
v -2.705040 -0.128753 2.919596
v -2.671119 -0.113779 2.885710
v -2.702754 -0.130374 2.884330
v -2.479611 -0.381284 2.951946
v -2.503986 -0.407951 2.951771
v -2.476034 -0.384776 2.916885
v -2.500419 -0.411443 2.916714
v -2.182612 -0.556608 3.016086
v -2.194900 -0.590419 3.018538
v -2.176248 -0.561766 2.981630
v -2.188530 -0.595577 2.984081
v -1.797884 -0.606949 3.114097
v -1.797658 -0.642396 3.119735
v -1.788548 -0.612492 3.080396
v -1.788323 -0.647939 3.086034
v -1.473698 -0.531317 3.206029
v -1.463596 -0.564468 3.214434
v -1.462371 -0.536365 3.172888
v -1.452275 -0.569516 3.181293
v -1.155005 -0.361117 3.296990
v -1.137625 -0.390375 3.307451
v -1.142783 -0.365670 3.264100
v -1.125402 -0.394928 3.274566
v -0.889821 -0.128643 3.367114
v -0.867237 -0.153363 3.378916
v -0.877644 -0.133186 3.334208
v -0.855060 -0.157906 3.346016
v -0.623696 0.188519 3.417165
v -0.597270 0.168381 3.429682
v -0.612089 0.183295 3.384144
v -0.585668 0.163158 3.396672
v -0.431097 0.504699 3.428852
v -0.400888 0.490791 3.441640
v -0.419670 0.499111 3.395846
v -0.389466 0.485202 3.408634
v -0.352088 0.741741 3.417015
v -0.318857 0.736958 3.429387
v -0.340311 0.737118 3.383964
v -0.307075 0.732330 3.396342
v -0.348566 0.914889 3.398788
v -0.315110 0.921207 3.410000
v -0.336724 0.912327 3.365523
v -0.303268 0.918646 3.376750
v -0.408323 1.101169 3.370111
v -0.379105 1.120671 3.379326
v -0.397436 1.101669 3.336390
v -0.368218 1.121166 3.345615
v -0.559326 1.252177 3.336800
v -0.540915 1.282486 3.343619
v -0.551076 1.255299 3.302499
v -0.532660 1.285608 3.309318
v -0.850322 1.363571 3.292628
v -0.842232 1.397843 3.297831
v -0.843958 1.367354 3.258031
v -0.835873 1.401625 3.263235
v -1.232388 1.418165 3.232005
v -1.230452 1.453322 3.236198
v -1.226019 1.421918 3.197409
v -1.224083 1.457069 3.201601
v -0.279868 0.669937 3.414748
v -0.354374 0.492692 3.442050
v -0.349612 0.482256 3.406913
v -0.279323 0.649459 3.382023
v -0.315475 0.678102 3.407499
v -0.388255 0.504960 3.433820
v -0.314935 0.657629 3.374768
v -0.383493 0.494523 3.398683
v -0.257429 0.753308 3.318624
v -0.262568 0.713429 3.308207
v -0.294447 0.756460 3.317938
v -0.299586 0.716581 3.307512
v -0.266420 0.735542 3.234581
v -0.268066 0.702032 3.254114
v -0.302672 0.739960 3.241516
v -0.304318 0.706449 3.261053
v -0.288659 0.685827 3.190139
v -0.282790 0.669106 3.224675
v -0.322405 0.695843 3.202076
v -0.316536 0.679123 3.236618
v -0.371030 0.497400 3.183600
v -0.360418 0.491546 3.218517
v -0.403195 0.511043 3.195673
v -0.392583 0.505190 3.230584
v -0.439922 0.390949 3.277678
v -0.497043 0.308908 3.274716
v -0.469721 0.333138 3.308342
v -0.428716 0.393756 3.323231
v -0.364446 0.492797 3.279655
v -0.357897 0.490941 3.326694
v -0.364681 0.492762 3.214944
v -0.442369 0.387797 3.214984
v -0.501145 0.303330 3.215039
v -0.378154 0.375099 3.277678
v -0.383087 0.382104 3.323231
v -0.432393 0.324378 3.308342
v -0.443255 0.296896 3.274716
v -0.379895 0.371717 3.214984
v -0.446477 0.291027 3.215039
v -0.314095 0.477102 3.214944
v -0.314210 0.477257 3.279655
v -0.320574 0.479404 3.326694
v -0.490519 0.276193 3.273721
v -0.464928 0.311075 3.318288
v -0.494706 0.269654 3.215050
v -0.404861 0.389563 3.079781
v -0.464928 0.311075 3.102235
v -0.469721 0.333138 3.113567
v -0.428716 0.393756 3.096921
v -0.339205 0.485222 3.075538
v -0.357897 0.490941 3.093209
v -0.320574 0.479404 3.093209
v -0.383087 0.382104 3.096921
v -0.432393 0.324378 3.113567
v -0.258735 0.664889 3.152606
v -0.271948 0.635801 3.102235
v -0.289214 0.625604 3.113567
v -0.284036 0.648564 3.151545
v -0.255048 0.670657 3.215050
v -0.281239 0.653757 3.215039
v -0.246978 0.642355 3.215039
v -0.250635 0.637452 3.151545
v -0.264579 0.617409 3.113567
v -0.296829 0.571606 3.338421
v -0.271948 0.635801 3.318288
v -0.289214 0.625604 3.308342
v -0.312604 0.578605 3.323231
v -0.339205 0.485222 3.342373
v -0.279218 0.567493 3.323231
v -0.264579 0.617409 3.308342
v -0.315871 0.584934 3.148358
v -0.314375 0.587936 3.214984
v -0.312604 0.578605 3.096921
v -0.364446 0.492797 3.146242
v -0.378154 0.375099 3.148358
v -0.443255 0.296896 3.151545
v -0.314210 0.477258 3.146242
v -0.490519 0.276193 3.152606
v -0.497043 0.308908 3.151545
v -0.258735 0.664889 3.273721
v -0.284036 0.648564 3.274716
v -0.250635 0.637452 3.274716
v -0.315871 0.584934 3.277678
v -0.270418 0.569810 3.277678
v -0.268221 0.572577 3.214984
v -0.296829 0.571606 3.079781
v -0.279218 0.567493 3.096921
v -0.404861 0.389563 3.338421
v -0.439922 0.390949 3.148358
v -0.270418 0.569810 3.148358
v -0.388045 0.555636 3.176576
v -0.443685 0.459276 3.176576
v -0.443685 0.459276 3.243357
v -0.388045 0.555636 3.243357
v -0.337539 0.526478 3.176576
v -0.337539 0.526478 3.243357
v -0.393179 0.430113 3.243357
v -0.393179 0.430113 3.176576
v 2.925352 0.781961 2.796695
v 2.930275 0.816993 2.796835
v 2.965312 0.812070 2.796820
v 2.960389 0.777038 2.796680
v 2.978290 0.763220 2.852650
v 2.900661 0.763220 2.826509
v 2.900661 0.763220 2.778679
v 2.978290 0.763220 2.778679
v 2.978290 0.837476 2.852650
v 2.978290 0.837476 2.778679
v 2.900661 0.837476 2.778679
v 2.900661 0.837476 2.826509
v 2.917522 0.763220 2.915699
v 2.882240 0.763220 2.840322
v 2.882240 0.837476 2.840322
v 2.917522 0.837476 2.915699
v 2.790724 0.763220 2.841818
v 2.790724 0.763220 2.919441
v 2.773603 0.837476 2.841818
v 2.773603 0.837476 2.919441
v 2.629399 1.081827 2.904227
v 2.394648 1.276227 2.955414
v 2.379224 0.969252 3.034182
v 2.772447 0.806727 2.882478
v 2.389775 0.610725 3.072486
v 2.809130 0.520629 2.885245
v 2.361228 0.197189 3.097111
v 2.787116 0.161167 2.888712
v 0.668744 0.587476 3.426070
v 0.329589 0.737038 3.406673
v 0.410284 0.494953 3.418746
v 0.723353 0.287175 3.415453
v 0.604685 0.175841 3.406913
v 0.872440 -0.143272 3.356562
v 2.012642 1.086235 3.169446
v 2.046187 1.404607 3.039606
v 1.990448 0.708886 3.257641
v 1.952734 0.249466 3.263865
v 2.282879 -0.197591 3.094190
v 2.688080 -0.121268 2.902651
v 2.185574 -0.576095 3.000081
v 2.490012 -0.396364 2.934325
v 1.054243 0.451071 3.408819
v 1.066521 0.047726 3.388807
v 1.140206 -0.378022 3.285778
v 0.697427 1.100238 3.374503
v 0.843102 1.382598 3.277929
v 0.545998 1.268893 3.323057
v 0.388276 1.111170 3.357858
v 0.671726 0.886601 3.408754
v 0.325922 0.916765 3.387766
v 1.574415 1.151080 3.277313
v 1.624376 1.441285 3.140434
v 1.228236 1.437617 3.216806
v 1.096224 1.147367 3.348848
v 1.538128 0.794249 3.365258
v 1.063279 0.850113 3.406958
v 1.516039 0.340668 3.368134
v 1.493045 -0.133521 3.321505
v 1.878729 -0.208692 3.227737
v 1.462981 -0.550419 3.193661
v 1.793106 -0.627447 3.100063
v 2.045462 1.384755 3.055036
v 2.053992 1.419226 3.058458
v 1.629164 1.456194 3.159971
v 1.626778 1.421187 3.155148
v 2.038393 1.389988 3.020764
v 1.619588 1.426375 3.120896
v 2.046923 1.424454 3.024182
v 1.621975 1.461387 3.125719
v 2.388264 1.258446 2.972194
v 2.406370 1.289386 2.973325
v 2.382921 1.263069 2.937508
v 2.401027 1.294008 2.938638
v 2.616996 1.069024 2.922318
v 2.645013 1.091753 2.921293
v 2.613774 1.071896 2.887172
v 2.641796 1.094630 2.886141
v 2.756347 0.801088 2.901145
v 2.790578 0.811865 2.899144
v 2.754321 0.801593 2.865813
v 2.788552 0.812370 2.863812
v 2.792380 0.520249 2.903892
v 2.827847 0.521410 2.901921
v 2.790413 0.519844 2.868570
v 2.825870 0.521005 2.866599
v 2.770616 0.165034 2.907304
v 2.805573 0.157925 2.905438
v 2.768665 0.164409 2.871982
v 2.803622 0.157299 2.870121
v 2.673416 -0.112157 2.920977
v 2.705040 -0.128753 2.919596
v 2.671129 -0.113779 2.885710
v 2.702754 -0.130374 2.884330
v 2.479606 -0.381284 2.951946
v 2.503996 -0.407951 2.951771
v 2.476039 -0.384776 2.916885
v 2.500419 -0.411443 2.916714
v 2.182622 -0.556608 3.016086
v 2.194900 -0.590419 3.018538
v 2.176253 -0.561766 2.981630
v 2.188530 -0.595577 2.984081
v 1.797879 -0.606949 3.114097
v 1.797653 -0.642396 3.119735
v 1.788543 -0.612492 3.080396
v 1.788318 -0.647939 3.086034
v 1.473698 -0.531317 3.206029
v 1.463596 -0.564468 3.214434
v 1.462366 -0.536370 3.172888
v 1.452269 -0.569516 3.181293
v 1.155005 -0.361117 3.296990
v 1.137620 -0.390380 3.307451
v 1.142788 -0.365670 3.264100
v 1.125402 -0.394928 3.274566
v 0.889821 -0.128643 3.367114
v 0.867242 -0.153363 3.378916
v 0.877644 -0.133186 3.334208
v 0.855060 -0.157906 3.346016
v 0.623696 0.188519 3.417165
v 0.597270 0.168381 3.429682
v 0.612094 0.183295 3.384144
v 0.585673 0.163158 3.396672
v 0.431097 0.504699 3.428852
v 0.400883 0.490791 3.441640
v 0.419675 0.499111 3.395846
v 0.389466 0.485202 3.408634
v 0.352093 0.741741 3.417015
v 0.318857 0.736958 3.429387
v 0.340311 0.737118 3.383964
v 0.307075 0.732330 3.396342
v 0.348566 0.914889 3.398788
v 0.315115 0.921207 3.410000
v 0.336729 0.912327 3.365523
v 0.303268 0.918646 3.376750
v 0.408323 1.101169 3.370111
v 0.379110 1.120671 3.379326
v 0.397431 1.101669 3.336390
v 0.368218 1.121166 3.345615
v 0.559326 1.252177 3.336800
v 0.540915 1.282486 3.343619
v 0.551076 1.255299 3.302499
v 0.532660 1.285608 3.309318
v 0.850322 1.363571 3.292628
v 0.842242 1.397843 3.297831
v 0.843968 1.367354 3.258031
v 0.835878 1.401625 3.263235
v 1.232388 1.418165 3.232005
v 1.230452 1.453322 3.236198
v 1.226019 1.421918 3.197409
v 1.224083 1.457069 3.201601
v 0.279868 0.669937 3.414748
v 0.279328 0.649459 3.382023
v 0.349617 0.482256 3.406913
v 0.354374 0.492692 3.442050
v 0.315470 0.678102 3.407499
v 0.388260 0.504960 3.433820
v 0.314935 0.657629 3.374768
v 0.383498 0.494523 3.398683
v 0.257424 0.753308 3.318624
v 0.262573 0.713429 3.308207
v 0.294447 0.756460 3.317938
v 0.299591 0.716581 3.307512
v 0.266420 0.735542 3.234581
v 0.268061 0.702032 3.254114
v 0.302677 0.739960 3.241516
v 0.304318 0.706449 3.261053
v 0.288659 0.685827 3.190139
v 0.282790 0.669106 3.224675
v 0.322405 0.695843 3.202076
v 0.316546 0.679123 3.236618
v 0.371035 0.497400 3.183600
v 0.360418 0.491546 3.218517
v 0.403200 0.511043 3.195673
v 0.392578 0.505190 3.230584
v 0.439927 0.390949 3.277678
v 0.428721 0.393756 3.323231
v 0.469716 0.333138 3.308342
v 0.497048 0.308908 3.274716
v 0.364441 0.492797 3.279655
v 0.357897 0.490941 3.326694
v 0.442369 0.387797 3.214984
v 0.364686 0.492757 3.214944
v 0.501145 0.303330 3.215039
v 0.378154 0.375099 3.277678
v 0.443255 0.296896 3.274716
v 0.432393 0.324378 3.308342
v 0.383092 0.382104 3.323231
v 0.379900 0.371717 3.214984
v 0.446477 0.291027 3.215039
v 0.314210 0.477257 3.279655
v 0.314095 0.477102 3.214944
v 0.320569 0.479404 3.326694
v 0.490529 0.276193 3.273721
v 0.464928 0.311075 3.318288
v 0.494706 0.269654 3.215050
v 0.404866 0.389563 3.079781
v 0.428721 0.393756 3.096921
v 0.469716 0.333138 3.113567
v 0.464928 0.311075 3.102235
v 0.339205 0.485222 3.075538
v 0.357897 0.490941 3.093209
v 0.383092 0.382104 3.096921
v 0.320569 0.479404 3.093209
v 0.432393 0.324378 3.113567
v 0.258740 0.664889 3.152606
v 0.284036 0.648564 3.151545
v 0.289214 0.625604 3.113567
v 0.271948 0.635801 3.102235
v 0.255053 0.670657 3.215050
v 0.281244 0.653757 3.215039
v 0.250645 0.637452 3.151545
v 0.246983 0.642355 3.215039
v 0.264579 0.617409 3.113567
v 0.296834 0.571606 3.338421
v 0.312609 0.578605 3.323231
v 0.289214 0.625604 3.308342
v 0.271948 0.635801 3.318288
v 0.339205 0.485222 3.342373
v 0.279213 0.567493 3.323231
v 0.264579 0.617409 3.308342
v 0.315871 0.584934 3.148358
v 0.314380 0.587936 3.214984
v 0.312609 0.578605 3.096921
v 0.364441 0.492797 3.146242
v 0.378154 0.375099 3.148358
v 0.443255 0.296896 3.151545
v 0.314210 0.477258 3.146242
v 0.490529 0.276193 3.152606
v 0.497048 0.308908 3.151545
v 0.258740 0.664889 3.273721
v 0.284036 0.648564 3.274716
v 0.250645 0.637452 3.274716
v 0.315871 0.584934 3.277678
v 0.270418 0.569810 3.277678
v 0.268226 0.572577 3.214984
v 0.296834 0.571606 3.079781
v 0.279213 0.567493 3.096921
v 0.404866 0.389563 3.338421
v 0.439927 0.390949 3.148358
v 0.270418 0.569810 3.148358
v 0.388045 0.555636 3.176576
v 0.388045 0.555636 3.243357
v 0.443680 0.459276 3.243357
v 0.443680 0.459276 3.176576
v 0.337544 0.526478 3.176576
v 0.393179 0.430113 3.176576
v 0.393179 0.430113 3.243357
v 0.337544 0.526478 3.243357
v -0.308406 0.982235 3.394145
v -0.310422 0.828840 3.416274
v -0.275391 0.829085 3.421142
v -0.273434 0.977707 3.399704
v -0.303563 0.976091 3.359624
v -0.305564 0.823777 3.381598
v -0.268591 0.971564 3.365182
v -0.270533 0.824017 3.386466
v -0.280144 1.075658 3.378391
v -0.249419 1.057021 3.386281
v -0.276101 1.067043 3.344275
v -0.245377 1.048406 3.352175
v -0.201235 1.143600 3.365883
v -0.183859 1.113467 3.375874
v -0.199113 1.133359 3.332067
v -0.181738 1.103220 3.342068
v -0.079519 1.179272 3.358959
v -0.074386 1.145546 3.369645
v -0.078919 1.168591 3.325233
v -0.073786 1.134865 3.335919
v 0.085133 1.179272 3.358959
v 0.080000 1.145546 3.369645
v 0.084542 1.168591 3.325233
v 0.079409 1.134865 3.335919
v 0.206848 1.143600 3.365883
v 0.189472 1.113467 3.375874
v 0.204727 1.133359 3.332067
v 0.187356 1.103220 3.342068
v 0.285762 1.075658 3.378391
v 0.255038 1.057021 3.386281
v 0.281714 1.067043 3.344275
v 0.250995 1.048406 3.352175
v 0.314024 0.982235 3.394145
v 0.279048 0.977707 3.399704
v 0.309182 0.976091 3.359624
v 0.274210 0.971564 3.365182
v 0.316041 0.828840 3.416274
v 0.281004 0.829085 3.421142
v 0.311183 0.823777 3.381598
v 0.276151 0.824017 3.386466
v -0.559642 1.401575 3.332232
v -0.942764 1.450185 3.277413
v -0.947867 1.415519 3.282291
v -0.563504 1.366753 3.337285
v -0.556280 1.396187 3.297421
v -0.938501 1.444682 3.242727
v -0.560142 1.361360 3.302469
v -0.943594 1.410010 3.247610
v -0.263208 1.382843 3.355892
v -0.264584 1.347867 3.361140
v -0.261527 1.377560 3.320940
v -0.262903 1.342578 3.326194
v 0.016780 1.382838 3.363216
v 0.016780 1.347857 3.368490
v 0.016780 1.377570 3.328220
v 0.016780 1.342583 3.333493
v 0.296764 1.382843 3.355892
v 0.298145 1.347867 3.361140
v 0.295083 1.377560 3.320940
v 0.296459 1.342578 3.326194
v 0.593207 1.401575 3.332232
v 0.597065 1.366753 3.337285
v 0.589845 1.396187 3.297421
v 0.593703 1.361360 3.302469
v 0.976330 1.450185 3.277413
v 0.981423 1.415519 3.282291
v 0.972062 1.444682 3.242727
v 0.977155 1.410010 3.247610
vt 0.0673 0.1153
vt 0.0460 0.1022
vt 0.0673 0.0950
vt 0.1294 0.1231
vt 0.1081 0.1361
vt 0.1081 0.1159
vt 0.0628 0.0092
vt 0.0520 0.0259
vt 0.0520 0.0092
vt 0.0928 0.1151
vt 0.0716 0.1354
vt 0.0716 0.1151
vt 0.0986 0.0812
vt 0.0784 0.1015
vt 0.0784 0.0812
vt 0.0507 0.0778
vt 0.1248 0.0987
vt 0.1344 0.1193
vt 0.0610 0.0259
vt 0.0652 0.0092
vt 0.0652 0.0259
vt 0.1159 0.0812
vt 0.0986 0.1015
vt 0.0160 0.0768
vt 0.0410 0.0984
vt 0.0160 0.0980
vt 0.1641 0.0976
vt 0.0404 0.0092
vt 0.0366 0.0259
vt 0.1055 0.0812
vt 0.0709 0.1015
vt 0.0709 0.0812
vt 0.0199 0.1227
vt 0.0411 0.1024
vt 0.0411 0.1227
vt 0.0656 0.9767
vt 0.0072 0.9705
vt 0.0656 0.9705
vt 0.0072 0.9830
vt 0.0656 0.9830
vt 0.0072 0.9892
vt 0.0656 0.9892
vt 0.0656 0.9955
vt 0.1167 0.9767
vt 0.1167 0.9705
vt 0.1167 0.9830
vt 0.1167 0.9892
vt 0.1167 0.9955
vt 0.1581 0.9767
vt 0.1581 0.9705
vt 0.1581 0.9830
vt 0.1581 0.9892
vt 0.1581 0.9955
vt 0.1998 0.9705
vt 0.1998 0.9767
vt 0.1998 0.9830
vt 0.1998 0.9892
vt 0.1998 0.9955
vt 0.2385 0.9705
vt 0.2385 0.9767
vt 0.2385 0.9830
vt 0.2385 0.9892
vt 0.2385 0.9955
vt 0.2868 0.9767
vt 0.2868 0.9705
vt 0.2868 0.9830
vt 0.2868 0.9892
vt 0.2868 0.9955
vt 0.3270 0.9767
vt 0.3270 0.9705
vt 0.3270 0.9830
vt 0.3270 0.9892
vt 0.3270 0.9955
vt 0.3726 0.9767
vt 0.3726 0.9705
vt 0.3726 0.9830
vt 0.3726 0.9892
vt 0.3726 0.9955
vt 0.4209 0.9705
vt 0.4209 0.9767
vt 0.4209 0.9830
vt 0.4209 0.9892
vt 0.4209 0.9955
vt 0.4756 0.9705
vt 0.4756 0.9767
vt 0.4756 0.9830
vt 0.4756 0.9892
vt 0.4756 0.9955
vt 0.5228 0.9705
vt 0.5228 0.9767
vt 0.5228 0.9830
vt 0.5228 0.9892
vt 0.5228 0.9955
vt 0.5734 0.9705
vt 0.5734 0.9767
vt 0.5734 0.9830
vt 0.5734 0.9892
vt 0.5734 0.9955
vt 0.6220 0.9705
vt 0.6220 0.9767
vt 0.6220 0.9830
vt 0.6220 0.9892
vt 0.6220 0.9955
vt 0.6783 0.9767
vt 0.6783 0.9705
vt 0.6783 0.9830
vt 0.6783 0.9892
vt 0.6783 0.9955
vt 0.7285 0.9767
vt 0.7285 0.9705
vt 0.7285 0.9830
vt 0.7285 0.9892
vt 0.7285 0.9955
vt 0.7627 0.9767
vt 0.7627 0.9705
vt 0.7627 0.9830
vt 0.7627 0.9892
vt 0.7627 0.9955
vt 0.7870 0.9767
vt 0.7870 0.9705
vt 0.7870 0.9830
vt 0.7870 0.9892
vt 0.7870 0.9955
vt 0.8146 0.9767
vt 0.8146 0.9705
vt 0.8146 0.9830
vt 0.8146 0.9892
vt 0.8146 0.9955
vt 0.8449 0.9705
vt 0.8449 0.9767
vt 0.8449 0.9830
vt 0.8449 0.9892
vt 0.8449 0.9955
vt 0.8880 0.9705
vt 0.8880 0.9767
vt 0.8880 0.9830
vt 0.8880 0.9892
vt 0.8880 0.9955
vt 0.9408 0.9705
vt 0.9408 0.9767
vt 0.9408 0.9830
vt 0.9408 0.9892
vt 0.9408 0.9955
vt 0.9949 0.9705
vt 0.9949 0.9767
vt 0.9949 0.9830
vt 0.9949 0.9892
vt 0.9949 0.9955
vt 0.6966 0.2019
vt 0.7799 0.1839
vt 0.7799 0.2019
vt 0.7799 0.2200
vt 0.7799 0.2381
vt 0.6966 0.2200
vt 0.6966 0.2562
vt 0.7799 0.2562
vt 0.8284 0.1839
vt 0.8284 0.2019
vt 0.8284 0.2200
vt 0.8284 0.2381
vt 0.8284 0.2562
vt 0.8580 0.2019
vt 0.8580 0.1839
vt 0.8580 0.2200
vt 0.8580 0.2381
vt 0.8580 0.2562
vt 0.8820 0.2019
vt 0.8820 0.1839
vt 0.8820 0.2200
vt 0.8820 0.2381
vt 0.8820 0.2562
vt 0.9692 0.2019
vt 0.9692 0.1839
vt 0.9692 0.2200
vt 0.9692 0.2381
vt 0.9692 0.2562
vt 0.6966 0.1839
vt 0.6966 0.1839
vt 0.6966 0.1839
vt 0.8610 0.7600
vt 0.8545 0.7382
vt 0.8513 0.7616
vt 0.8606 0.7998
vt 0.8506 0.7995
vt 0.8744 0.7997
vt 0.8744 0.7587
vt 0.8617 0.7281
vt 0.8744 0.7260
vt 0.7189 0.7652
vt 0.7124 0.7443
vt 0.7196 0.7342
vt 0.7323 0.7639
vt 0.7323 0.7320
vt 0.7323 0.8043
vt 0.7185 0.8043
vt 0.7092 0.7673
vt 0.7085 0.8047
vt 0.8524 0.7309
vt 0.8619 0.7173
vt 0.8744 0.7148
vt 0.7198 0.7241
vt 0.7103 0.7377
vt 0.9031 0.7617
vt 0.8959 0.7382
vt 0.8995 0.7616
vt 0.9003 0.7995
vt 0.9040 0.7987
vt 0.7619 0.8055
vt 0.7574 0.7673
vt 0.7610 0.7685
vt 0.7538 0.7443
vt 0.7563 0.7377
vt 0.8984 0.8548
vt 0.8879 0.8584
vt 0.8876 0.8656
vt 0.8744 0.8604
vt 0.8744 0.8678
vt 0.7455 0.8724
vt 0.7323 0.8654
vt 0.7458 0.8635
vt 0.7563 0.8616
vt 0.7538 0.8557
vt 0.8481 0.8311
vt 0.8545 0.8502
vt 0.8513 0.8325
vt 0.8473 0.7987
vt 0.7060 0.8379
vt 0.7092 0.8376
vt 0.7124 0.8557
vt 0.7103 0.8616
vt 0.8744 0.8356
vt 0.8885 0.8345
vt 0.8959 0.8502
vt 0.8995 0.8325
vt 0.8890 0.7998
vt 0.7458 0.7342
vt 0.7464 0.7652
vt 0.7469 0.8043
vt 0.8876 0.7173
vt 0.8879 0.7281
vt 0.8984 0.7309
vt 0.7455 0.7241
vt 0.7322 0.7216
vt 0.8619 0.8656
vt 0.8617 0.8584
vt 0.8524 0.8548
vt 0.7196 0.8635
vt 0.7198 0.8724
vt 0.7322 0.8746
vt 0.8610 0.8345
vt 0.7189 0.8390
vt 0.7323 0.8400
vt 0.9031 0.8311
vt 0.7610 0.8379
vt 0.7574 0.8376
vt 0.7582 0.8047
vt 0.8481 0.7617
vt 0.7060 0.7685
vt 0.7052 0.8055
vt 0.8885 0.7600
vt 0.7464 0.8390
vt 0.2837 0.3164
vt 0.3344 0.4008
vt 0.2837 0.4008
vt 0.2837 0.4008
vt 0.3344 0.3164
vt 0.3344 0.4008
vt 0.3344 0.3807
vt 0.2837 0.3365
vt 0.3344 0.3365
vt 0.2669 0.3807
vt 0.3513 0.3365
vt 0.3513 0.3807
vt 0.2837 0.3807
vt 0.3344 0.3365
vt 0.3344 0.3807
vt 0.3513 0.3807
vt 0.2669 0.3365
vt 0.3513 0.3365
vt 0.0466 0.0577
vt 0.0678 0.0707
vt 0.0678 0.0505
vt 0.0725 0.0707
vt 0.0937 0.0577
vt 0.0725 0.0505
vt 0.0317 0.0739
vt 0.0425 0.0571
vt 0.0317 0.0571
vt 0.0456 0.1379
vt 0.0669 0.1175
vt 0.0456 0.1175
vt 0.1046 0.0784
vt 0.1248 0.0581
vt 0.1046 0.0581
vt 0.0512 0.0333
vt 0.0415 0.0539
vt 0.0891 0.0333
vt 0.0449 0.0571
vt 0.0407 0.0739
vt 0.0449 0.0739
vt 0.1248 0.0784
vt 0.1420 0.0581
vt 0.0165 0.0322
vt 0.0165 0.0535
vt 0.0987 0.0539
vt 0.1284 0.0322
vt 0.0201 0.0571
vt 0.0163 0.0739
vt 0.1317 0.0581
vt 0.0970 0.0784
vt 0.1364 0.0784
vt 0.0421 0.1278
vt 0.0209 0.1481
vt 0.0421 0.1481
vt 0.0656 0.9767
vt 0.0072 0.9705
vt 0.0072 0.9767
vt 0.0072 0.9830
vt 0.0656 0.9830
vt 0.0072 0.9892
vt 0.0656 0.9892
vt 0.0656 0.9955
vt 0.0072 0.9955
vt 0.1167 0.9767
vt 0.0656 0.9705
vt 0.1167 0.9830
vt 0.1167 0.9892
vt 0.1167 0.9955
vt 0.1581 0.9767
vt 0.1167 0.9705
vt 0.1581 0.9830
vt 0.1581 0.9892
vt 0.1581 0.9955
vt 0.1998 0.9705
vt 0.1998 0.9767
vt 0.1998 0.9830
vt 0.1998 0.9892
vt 0.1998 0.9955
vt 0.2385 0.9705
vt 0.2385 0.9767
vt 0.2385 0.9830
vt 0.2385 0.9892
vt 0.2385 0.9955
vt 0.2868 0.9767
vt 0.2868 0.9830
vt 0.2868 0.9892
vt 0.2868 0.9955
vt 0.3270 0.9767
vt 0.2868 0.9705
vt 0.3270 0.9830
vt 0.3270 0.9892
vt 0.3270 0.9955
vt 0.3726 0.9767
vt 0.3270 0.9705
vt 0.3726 0.9830
vt 0.3726 0.9892
vt 0.3726 0.9955
vt 0.4209 0.9705
vt 0.4209 0.9767
vt 0.4209 0.9830
vt 0.4209 0.9892
vt 0.4209 0.9955
vt 0.4756 0.9705
vt 0.4756 0.9767
vt 0.4756 0.9830
vt 0.4756 0.9892
vt 0.4756 0.9955
vt 0.5228 0.9705
vt 0.5228 0.9767
vt 0.5228 0.9830
vt 0.5228 0.9892
vt 0.5228 0.9955
vt 0.5734 0.9705
vt 0.5734 0.9767
vt 0.5734 0.9830
vt 0.5734 0.9892
vt 0.5734 0.9955
vt 0.6220 0.9705
vt 0.6220 0.9767
vt 0.6220 0.9830
vt 0.6220 0.9892
vt 0.6220 0.9955
vt 0.6783 0.9767
vt 0.6783 0.9830
vt 0.6783 0.9892
vt 0.6783 0.9955
vt 0.7285 0.9767
vt 0.6783 0.9705
vt 0.7285 0.9830
vt 0.7285 0.9892
vt 0.7285 0.9955
vt 0.7627 0.9767
vt 0.7285 0.9705
vt 0.7627 0.9830
vt 0.7627 0.9892
vt 0.7627 0.9955
vt 0.7870 0.9767
vt 0.7627 0.9705
vt 0.7870 0.9830
vt 0.7870 0.9892
vt 0.7870 0.9955
vt 0.8146 0.9767
vt 0.7870 0.9705
vt 0.8146 0.9830
vt 0.8146 0.9892
vt 0.8146 0.9955
vt 0.8449 0.9705
vt 0.8449 0.9767
vt 0.8449 0.9830
vt 0.8449 0.9892
vt 0.8449 0.9955
vt 0.8880 0.9705
vt 0.8880 0.9767
vt 0.8880 0.9830
vt 0.8880 0.9892
vt 0.8880 0.9955
vt 0.9408 0.9705
vt 0.9408 0.9767
vt 0.9408 0.9830
vt 0.9408 0.9892
vt 0.9408 0.9955
vt 0.9949 0.9705
vt 0.9949 0.9767
vt 0.9949 0.9830
vt 0.9949 0.9892
vt 0.9949 0.9955
vt 0.7732 0.0232
vt 0.6899 0.0413
vt 0.7732 0.0413
vt 0.7732 0.0594
vt 0.6899 0.0594
vt 0.7732 0.0775
vt 0.6899 0.0775
vt 0.6899 0.0956
vt 0.7732 0.0956
vt 0.8217 0.0232
vt 0.8217 0.0413
vt 0.8217 0.0594
vt 0.8217 0.0775
vt 0.8217 0.0956
vt 0.8512 0.0413
vt 0.8512 0.0594
vt 0.8512 0.0775
vt 0.8512 0.0956
vt 0.8752 0.0232
vt 0.8752 0.0413
vt 0.8752 0.0594
vt 0.8752 0.0775
vt 0.8752 0.0956
vt 0.9624 0.0413
vt 0.9624 0.0594
vt 0.9624 0.0775
vt 0.9624 0.0956
vt 0.6899 0.0232
vt 0.6899 0.0232
vt 0.6899 0.0232
vt 0.7846 0.7616
vt 0.7780 0.7399
vt 0.7852 0.7298
vt 0.7841 0.8014
vt 0.7749 0.7633
vt 0.7979 0.8014
vt 0.7979 0.7604
vt 0.6425 0.7668
vt 0.6359 0.7460
vt 0.6328 0.7689
vt 0.6558 0.7656
vt 0.6431 0.7358
vt 0.6558 0.8060
vt 0.6420 0.8060
vt 0.7759 0.7326
vt 0.7854 0.7189
vt 0.7979 0.7276
vt 0.7979 0.7164
vt 0.6433 0.7258
vt 0.6558 0.7336
vt 0.6558 0.7232
vt 0.6338 0.7394
vt 0.8267 0.7633
vt 0.8195 0.7399
vt 0.8219 0.7326
vt 0.8238 0.8012
vt 0.8276 0.8004
vt 0.6809 0.7689
vt 0.6855 0.8072
vt 0.6846 0.7701
vt 0.6774 0.7460
vt 0.6798 0.7394
vt 0.8114 0.8601
vt 0.8219 0.8564
vt 0.8112 0.8673
vt 0.7979 0.8620
vt 0.7979 0.8695
vt 0.6691 0.8741
vt 0.6558 0.8671
vt 0.6558 0.8763
vt 0.6798 0.8633
vt 0.6693 0.8651
vt 0.7716 0.8328
vt 0.7780 0.8518
vt 0.7759 0.8564
vt 0.7708 0.8004
vt 0.7749 0.8342
vt 0.6295 0.8396
vt 0.6320 0.8063
vt 0.6287 0.8072
vt 0.6359 0.8574
vt 0.6338 0.8633
vt 0.7979 0.8373
vt 0.8121 0.8362
vt 0.8195 0.8518
vt 0.8230 0.8342
vt 0.8125 0.8014
vt 0.6693 0.7358
vt 0.6700 0.7668
vt 0.6704 0.8060
vt 0.8112 0.7189
vt 0.8114 0.7298
vt 0.6691 0.7258
vt 0.7854 0.8673
vt 0.7852 0.8601
vt 0.6431 0.8651
vt 0.6433 0.8741
vt 0.7846 0.8362
vt 0.6425 0.8406
vt 0.6558 0.8417
vt 0.6328 0.8393
vt 0.8267 0.8328
vt 0.6846 0.8396
vt 0.6774 0.8574
vt 0.6817 0.8063
vt 0.7716 0.7633
vt 0.7741 0.8012
vt 0.6295 0.7701
vt 0.8230 0.7633
vt 0.8121 0.7616
vt 0.6809 0.8393
vt 0.6700 0.8406
vt 0.4304 0.3513
vt 0.3797 0.2669
vt 0.3797 0.3513
vt 0.4304 0.2669
vt 0.3797 0.3513
vt 0.4304 0.3513
vt 0.4304 0.2870
vt 0.3797 0.3312
vt 0.4304 0.3312
vt 0.4473 0.3312
vt 0.3629 0.2870
vt 0.3629 0.3312
vt 0.4304 0.2870
vt 0.3797 0.3312
vt 0.4304 0.3312
vt 0.4473 0.2870
vt 0.3629 0.3312
vt 0.4473 0.3312
vt 0.6743 0.1223
vt 0.7158 0.1116
vt 0.7158 0.1223
vt 0.7158 0.1330
vt 0.7158 0.1437
vt 0.6743 0.1330
vt 0.6743 0.1544
vt 0.7158 0.1544
vt 0.7404 0.1116
vt 0.7404 0.1223
vt 0.7404 0.1330
vt 0.7404 0.1437
vt 0.7404 0.1544
vt 0.7663 0.1223
vt 0.7663 0.1116
vt 0.7663 0.1330
vt 0.7663 0.1437
vt 0.7663 0.1544
vt 0.7990 0.1223
vt 0.7990 0.1116
vt 0.7990 0.1330
vt 0.7990 0.1437
vt 0.7990 0.1544
vt 0.8423 0.1223
vt 0.8423 0.1116
vt 0.8423 0.1330
vt 0.8423 0.1437
vt 0.8423 0.1544
vt 0.8750 0.1116
vt 0.8750 0.1223
vt 0.8750 0.1330
vt 0.8750 0.1437
vt 0.8750 0.1544
vt 0.9009 0.1116
vt 0.9009 0.1223
vt 0.9009 0.1330
vt 0.9009 0.1437
vt 0.9009 0.1544
vt 0.9255 0.1223
vt 0.9255 0.1116
vt 0.9255 0.1330
vt 0.9255 0.1437
vt 0.9255 0.1544
vt 0.9669 0.1223
vt 0.9669 0.1116
vt 0.9669 0.1330
vt 0.9669 0.1437
vt 0.9669 0.1544
vt 0.6743 0.1116
vt 0.6743 0.1116
vt 0.6743 0.1116
vt 0.6743 0.1116
vt 0.6743 0.1116
vt 0.6743 0.1116
vt 0.6743 0.1116
vt 0.1498 0.8620
vt 0.0689 0.8538
vt 0.1498 0.8538
vt 0.1498 0.8701
vt 0.0689 0.8620
vt 0.0689 0.8783
vt 0.1498 0.8783
vt 0.0689 0.8864
vt 0.1498 0.8864
vt 0.2117 0.8538
vt 0.2117 0.8620
vt 0.2117 0.8701
vt 0.2117 0.8783
vt 0.2117 0.8864
vt 0.2698 0.8538
vt 0.2698 0.8620
vt 0.2698 0.8701
vt 0.2698 0.8783
vt 0.2698 0.8864
vt 0.3279 0.8620
vt 0.3279 0.8538
vt 0.3279 0.8701
vt 0.3279 0.8783
vt 0.3279 0.8864
vt 0.3898 0.8620
vt 0.3898 0.8538
vt 0.3898 0.8701
vt 0.3898 0.8783
vt 0.3898 0.8864
vt 0.4708 0.8538
vt 0.4708 0.8620
vt 0.4708 0.8701
vt 0.4708 0.8783
vt 0.4708 0.8864
vt 0.0689 0.8538
vt 0.0689 0.8538
vt 0.0689 0.8538
vt 0.0689 0.8538
vt 0.0689 0.8538
vt 0.0689 0.8538
vt 0.0689 0.8538
vt 0.0460 0.1153
vt 0.1294 0.1361
vt 0.0628 0.0259
vt 0.0928 0.1354
vt 0.0610 0.0092
vt 0.1159 0.1015
vt 0.1641 0.1189
vt 0.1102 0.1015
vt 0.0199 0.1024
vt 0.0072 0.9767
vt 0.0072 0.9955
vt 0.6966 0.1839
vt 0.6966 0.2381
vt 0.3344 0.3164
vt 0.2837 0.3164
vt 0.2837 0.3807
vt 0.2669 0.3365
vt 0.2837 0.3365
vt 0.2669 0.3807
vt 0.0466 0.0707
vt 0.0937 0.0707
vt 0.0425 0.0739
vt 0.0669 0.1379
vt 0.0407 0.0571
vt 0.1420 0.0784
vt 0.1284 0.0535
vt 0.0970 0.0581
vt 0.0209 0.1278
vt 0.1581 0.9705
vt 0.3726 0.9705
vt 0.8146 0.9705
vt 0.6899 0.0232
vt 0.8512 0.0232
vt 0.9624 0.0232
vt 0.4304 0.2669
vt 0.3797 0.2669
vt 0.3797 0.2870
vt 0.4473 0.2870
vt 0.3797 0.2870
vt 0.3629 0.2870
vt 0.6743 0.1437
vt 0.6743 0.1116
vt 0.0689 0.8701
vt 0.0788 0.7692
vt 0.1355 0.7456
vt 0.1292 0.8099
vt 0.0485 0.7116
vt 0.1349 0.6705
vt 0.0411 0.6516
vt 0.1417 0.5838
vt 0.5030 0.6656
vt 0.5558 0.6462
vt 0.5719 0.6970
vt 0.4913 0.6027
vt 0.5154 0.5794
vt 0.2163 0.7701
vt 0.2245 0.6911
vt 0.2325 0.5948
vt 0.0667 0.5171
vt 0.1577 0.5011
vt 0.1087 0.4595
vt 0.1739 0.4218
vt 0.4230 0.6370
vt 0.4197 0.5525
vt 0.4583 0.5125
vt 0.4950 0.7730
vt 0.5241 0.8084
vt 0.4611 0.8322
vt 0.5023 0.7283
vt 0.5579 0.7753
vt 0.3108 0.7837
vt 0.3795 0.8437
vt 0.2950 0.8445
vt 0.3218 0.7089
vt 0.4120 0.7829
vt 0.3264 0.6139
vt 0.3293 0.5146
vt 0.2462 0.4988
vt 0.3303 0.4272
vt 0.4004 0.4633
vt 0.4211 0.7206
vt 0.2587 0.4111
vt 0.9474 0.3475
vt 0.8907 0.3711
vt 0.9777 0.4051
vt 0.8913 0.4462
vt 0.9851 0.4651
vt 0.8844 0.5328
vt 0.9804 0.5404
vt 0.5232 0.4510
vt 0.4704 0.4704
vt 0.5349 0.5140
vt 0.5108 0.5373
vt 0.5679 0.6041
vt 0.8099 0.3466
vt 0.8970 0.3067
vt 0.8220 0.2798
vt 0.8017 0.4256
vt 0.7937 0.5219
vt 0.9595 0.5995
vt 0.8685 0.6155
vt 0.9175 0.6572
vt 0.6032 0.4796
vt 0.6065 0.5641
vt 0.6258 0.6533
vt 0.5312 0.3436
vt 0.5021 0.3083
vt 0.4683 0.3413
vt 0.5239 0.3884
vt 0.4543 0.3821
vt 0.4543 0.4197
vt 0.7154 0.3330
vt 0.6467 0.2729
vt 0.6142 0.3337
vt 0.7044 0.4077
vt 0.6051 0.3960
vt 0.6969 0.6021
vt 0.7800 0.6179
vt 0.6959 0.6895
vt 0.6997 0.5028
vt 0.5650 0.2845
vt 0.7312 0.2722
vt 0.8522 0.6948
vt 0.0458 0.5763
vt 0.2042 0.8368
vt 0.5719 0.7346
vt 0.7675 0.7056
vn 0.0000 -1.0000 0.0000
vn 0.0000 1.0000 0.0000
vn 1.0000 0.0000 0.0000
vn 0.0000 0.0000 -1.0000
vn -0.9274 0.0000 0.3742
vn -1.0000 0.0000 0.0000
vn 0.3229 0.0002 -0.9464
vn 0.5999 0.0000 -0.8000
vn -0.4055 -0.0017 0.9141
vn 0.0161 -0.0040 -0.9999
vn 0.0140 -0.0037 -0.9999
vn -0.0265 0.0052 0.9996
vn -0.4044 0.0006 0.9146
vn 0.9744 -0.2247 0.0000
vn -0.2002 -0.1456 0.9689
vn -0.2029 -0.1561 0.9667
vn -0.2002 -0.1457 0.9689
vn 0.0705 -0.9872 -0.1427
vn 0.2396 -0.9659 -0.0980
vn 0.2396 -0.9659 -0.0981
vn 0.2047 0.1549 -0.9665
vn 0.2002 0.1456 -0.9689
vn 0.2002 0.1457 -0.9689
vn -0.2395 0.9659 0.0980
vn -0.0690 0.9871 0.1444
vn -0.2396 0.9659 0.0980
vn -0.1537 -0.1258 0.9801
vn 0.5059 -0.8618 -0.0372
vn 0.5057 -0.8619 -0.0369
vn 0.1537 0.1258 -0.9801
vn -0.5058 0.8619 0.0369
vn -0.5057 0.8619 0.0369
vn -0.0975 -0.0758 0.9923
vn -0.0973 -0.0759 0.9924
vn 0.7771 -0.6290 0.0194
vn 0.0974 0.0758 -0.9924
vn -0.7771 0.6291 -0.0197
vn -0.7771 0.6291 -0.0196
vn -0.0624 -0.0126 0.9980
vn -0.0622 -0.0125 0.9980
vn 0.9527 -0.2997 0.0502
vn 0.9527 -0.2997 0.0503
vn 0.0619 0.0126 -0.9980
vn 0.0624 0.0126 -0.9980
vn -0.9527 0.2998 -0.0498
vn -0.0555 0.0115 0.9984
vn -0.0558 0.0115 0.9984
vn 0.9978 -0.0327 0.0568
vn 0.9978 -0.0327 0.0570
vn 0.0555 -0.0115 -0.9984
vn 0.0558 -0.0117 -0.9984
vn -0.9979 0.0325 -0.0567
vn -0.9979 0.0325 -0.0568
vn -0.0569 0.0174 0.9982
vn -0.0568 0.0174 0.9982
vn 0.9787 0.1990 0.0507
vn 0.0567 -0.0175 -0.9982
vn -0.9787 -0.1990 -0.0506
vn -0.9787 -0.1989 -0.0505
vn -0.0669 0.0446 0.9968
vn 0.8850 0.4641 0.0361
vn 0.8850 0.4641 0.0360
vn 0.0669 -0.0446 -0.9968
vn 0.0671 -0.0444 -0.9968
vn -0.8850 -0.4642 -0.0366
vn -0.8850 -0.4641 -0.0360
vn -0.1074 0.0916 0.9900
vn -0.1071 0.0918 0.9900
vn 0.6758 0.7371 -0.0048
vn 0.6758 0.7371 -0.0045
vn 0.1070 -0.0919 -0.9900
vn 0.1073 -0.0918 -0.9900
vn -0.6758 -0.7371 0.0046
vn -0.6758 -0.7370 0.0050
vn -0.1829 0.1370 0.9735
vn -0.1829 0.1371 0.9735
vn 0.3422 0.9365 -0.0770
vn 0.3423 0.9364 -0.0770
vn 0.1828 -0.1373 -0.9735
vn 0.1827 -0.1375 -0.9735
vn -0.3422 -0.9365 0.0769
vn -0.2636 0.1499 0.9529
vn -0.0045 0.9865 -0.1635
vn 0.2636 -0.1504 -0.9528
vn 0.2636 -0.1499 -0.9529
vn 0.0045 -0.9865 0.1635
vn -0.3194 0.1403 0.9372
vn -0.2824 0.9293 -0.2381
vn 0.3194 -0.1404 -0.9372
vn 0.3194 -0.1403 -0.9372
vn 0.2824 -0.9293 0.2381
vn 0.2824 -0.9293 0.2380
vn -0.3448 0.1277 0.9300
vn -0.4877 0.8216 -0.2953
vn -0.4878 0.8216 -0.2950
vn 0.3449 -0.1278 -0.9299
vn 0.3448 -0.1278 -0.9299
vn 0.4878 -0.8216 0.2951
vn 0.4878 -0.8216 0.2950
vn -0.3448 0.1289 0.9298
vn -0.6365 0.6964 -0.3314
vn -0.6366 0.6965 -0.3312
vn 0.3449 -0.1290 -0.9297
vn 0.6366 -0.6965 0.3313
vn 0.6366 -0.6965 0.3312
vn -0.3285 0.1482 0.9328
vn -0.3288 0.1483 0.9327
vn -0.7447 0.5673 -0.3516
vn -0.7447 0.5673 -0.3515
vn 0.3290 -0.1485 -0.9326
vn 0.3287 -0.1482 -0.9327
vn 0.7447 -0.5673 0.3515
vn -0.3225 0.1577 0.9334
vn -0.3225 0.1581 0.9333
vn -0.8477 0.3903 -0.3592
vn -0.8476 0.3902 -0.3596
vn 0.3225 -0.1578 -0.9333
vn 0.3226 -0.1578 -0.9333
vn 0.8477 -0.3902 0.3594
vn 0.8476 -0.3903 0.3595
vn -0.3294 0.1301 0.9352
vn -0.3295 0.1301 0.9352
vn -0.9276 0.1333 -0.3491
vn -0.9275 0.1332 -0.3492
vn 0.3295 -0.1302 -0.9352
vn 0.3295 -0.1302 -0.9351
vn 0.9275 -0.1332 0.3493
vn 0.9273 -0.1333 0.3497
vn -0.3293 0.0734 0.9414
vn -0.3294 0.0734 0.9413
vn -0.9315 -0.1766 -0.3180
vn -0.9315 -0.1766 -0.3181
vn 0.3297 -0.0733 -0.9412
vn 0.3294 -0.0734 -0.9413
vn 0.9315 0.1766 0.3181
vn 0.9314 0.1766 0.3182
vn -0.2971 -0.0073 0.9548
vn -0.2970 -0.0072 0.9549
vn -0.8006 -0.5368 -0.2664
vn -0.8005 -0.5368 -0.2664
vn 0.2968 0.0070 -0.9549
vn 0.2971 0.0072 -0.9548
vn 0.8004 0.5368 0.2667
vn 0.8004 0.5368 0.2669
vn -0.2280 -0.0802 0.9704
vn -0.2280 -0.0801 0.9704
vn -0.5076 -0.8384 -0.1984
vn -0.5075 -0.8384 -0.1987
vn 0.2279 0.0799 -0.9704
vn 0.2279 0.0798 -0.9704
vn 0.5076 0.8384 0.1985
vn 0.5076 0.8383 0.1990
vn -0.1795 -0.1062 0.9780
vn -0.1795 -0.1061 0.9780
vn -0.2269 -0.9627 -0.1471
vn -0.2272 -0.9628 -0.1464
vn 0.1794 0.1059 -0.9781
vn 0.1795 0.1061 -0.9780
vn 0.2269 0.9627 0.1470
vn 0.2270 0.9628 0.1469
vn -0.1800 -0.0974 0.9788
vn -0.1802 -0.0973 0.9788
vn -0.0584 -0.9925 -0.1077
vn -0.0579 -0.9923 -0.1098
vn 0.1783 0.0964 -0.9793
vn 0.1783 0.0985 -0.9790
vn 0.0565 0.9925 0.1082
vn 0.0563 0.9925 0.1083
vn -0.2031 -0.1560 0.9666
vn 0.0710 -0.9869 -0.1449
vn 0.2048 0.1572 -0.9661
vn -0.0692 0.9871 0.1442
vn 0.2297 -0.5767 0.7840
vn 0.7968 -0.4888 -0.3552
vn 0.6064 0.2202 0.7640
vn -0.6179 0.5387 0.5727
vn -0.6988 -0.1444 -0.7006
vn -0.8338 -0.1831 0.5208
vn 0.3877 -0.8621 -0.3263
vn 0.7747 -0.6187 -0.1307
vn 0.7149 0.6704 0.1986
vn -0.5076 0.8398 0.1927
vn -0.8670 -0.4717 -0.1606
vn 0.6700 0.5579 -0.4898
vn 0.7653 -0.6236 0.1593
vn -0.5842 0.7617 -0.2803
vn -0.7591 -0.4605 0.4600
vn 0.4840 0.1397 -0.8639
vn 0.8276 -0.4827 0.2867
vn -0.6950 0.5130 -0.5038
vn -0.5867 -0.0710 0.8067
vn 0.4122 -0.1491 -0.8988
vn 0.8184 -0.3730 0.4372
vn -0.8184 0.3730 -0.4371
vn -0.4122 0.1490 0.8988
vn -0.6603 -0.4743 -0.5823
vn -0.8174 0.5689 0.0901
vn -0.7787 0.3580 0.5152
vn -0.7088 0.4080 0.5755
vn -0.8454 0.5293 0.0720
vn -0.7415 0.4521 0.4958
vn -0.8464 0.5326 0.0001
vn -0.8127 0.5827 0.0001
vn -0.9251 0.2118 0.3150
vn -0.9830 0.1838 0.0004
vn 0.8011 -0.5906 0.0971
vn 0.5935 -0.6202 0.5130
vn 0.5713 -0.7878 0.2303
vn 0.8089 -0.5880 0.0011
vn 0.5928 -0.8054 0.0028
vn 0.8767 -0.4811 0.0010
vn 0.8747 -0.4796 0.0701
vn 0.6587 -0.5448 0.5189
vn 0.7711 -0.4228 0.4760
vn -0.2488 -0.4833 0.8394
vn -0.4256 -0.8223 0.3778
vn -0.4691 -0.8831 0.0033
vn -0.0490 -0.1258 -0.9909
vn -0.7716 0.3662 -0.5201
vn -0.7273 0.4006 -0.5573
vn -0.7554 0.4680 -0.4586
vn 0.0326 -0.0133 -0.9994
vn 0.6546 -0.5501 -0.5186
vn 0.5740 -0.6710 -0.4693
vn -0.2415 -0.4676 -0.8503
vn 0.1949 0.5909 -0.7829
vn -0.7037 0.6886 -0.1747
vn 0.3255 0.8998 -0.2905
vn -0.7332 0.6800 0.0008
vn 0.3644 0.9312 0.0019
vn 1.0000 0.0033 0.0023
vn 0.9798 0.0379 -0.1964
vn 0.8998 -0.1041 -0.4237
vn 0.0627 0.1578 0.9855
vn -0.7563 0.5123 0.4069
vn -0.7285 0.4690 0.4994
vn 0.0241 -0.0053 0.9997
vn 0.8301 -0.2244 0.5104
vn 0.9039 -0.1006 0.4157
vn 0.1836 0.5628 0.8059
vn -0.8891 0.4578 -0.0002
vn -0.8871 0.4583 -0.0553
vn -0.7624 0.5188 -0.3867
vn -0.7518 0.4711 -0.4614
vn -0.8448 0.5314 -0.0626
vn 0.5563 -0.7975 -0.2334
vn 0.8046 -0.5885 -0.0796
vn 0.8756 -0.4791 -0.0611
vn -0.4286 -0.8386 -0.3363
vn -0.9546 0.1459 -0.2596
vn 0.3302 0.8900 0.3144
vn -0.7115 0.6824 0.1675
vn 0.9686 0.0413 0.2453
vn -0.8866 0.4584 0.0618
vn 0.9353 -0.3409 0.0952
vn 0.9331 -0.3595 0.0030
vn 0.0822 0.1673 -0.9825
vn 0.8443 -0.2138 -0.4914
vn 0.7769 -0.4343 -0.4560
vn -0.0436 -0.1154 0.9924
vn -0.8132 0.5777 -0.0707
vn 0.9336 -0.3495 -0.0794
vn -0.8660 0.5000 0.0000
vn 0.8660 -0.5000 -0.0000
vn -0.5000 -0.8660 -0.0000
vn 0.5000 0.8660 0.0000
vn 0.0000 0.0000 1.0000
vn 0.9274 0.0000 0.3742
vn -0.5999 0.0000 -0.8000
vn -0.3229 0.0002 -0.9464
vn 0.4055 -0.0017 0.9141
vn -0.0161 -0.0039 -0.9999
vn -0.0139 -0.0036 -0.9999
vn 0.0265 0.0052 0.9996
vn 0.4044 0.0005 0.9146
vn 0.0244 0.0088 0.9997
vn -0.9744 -0.2247 0.0000
vn 0.2002 -0.1457 0.9689
vn 0.2030 -0.1561 0.9667
vn 0.2032 -0.1560 0.9666
vn -0.2396 -0.9659 -0.0980
vn -0.0705 -0.9872 -0.1428
vn -0.2396 -0.9659 -0.0981
vn -0.2002 0.1456 -0.9689
vn -0.2047 0.1549 -0.9665
vn 0.2397 0.9658 0.0984
vn 0.0690 0.9871 0.1445
vn 0.0692 0.9871 0.1442
vn 0.1537 -0.1258 0.9801
vn -0.5058 -0.8619 -0.0369
vn -0.5058 -0.8619 -0.0370
vn -0.1537 0.1258 -0.9801
vn 0.5058 0.8619 0.0369
vn 0.2396 0.9659 0.0980
vn 0.0978 -0.0757 0.9923
vn -0.7771 -0.6291 0.0195
vn -0.7772 -0.6290 0.0192
vn -0.0979 0.0756 -0.9923
vn -0.0975 0.0758 -0.9923
vn 0.7771 0.6291 -0.0193
vn 0.5058 0.8619 0.0370
vn 0.0623 -0.0127 0.9980
vn 0.0621 -0.0126 0.9980
vn -0.9527 -0.2998 0.0503
vn -0.0623 0.0127 -0.9980
vn 0.9527 0.2997 -0.0503
vn 0.9527 0.2998 -0.0504
vn 0.0557 0.0115 0.9984
vn 0.0558 0.0115 0.9984
vn -0.9979 -0.0327 0.0565
vn -0.9527 -0.2997 0.0504
vn -0.0557 -0.0116 -0.9984
vn -0.0624 0.0126 -0.9980
vn 0.9979 0.0325 -0.0568
vn 0.9979 0.0325 -0.0569
vn 0.0568 0.0174 0.9982
vn -0.9787 0.1990 0.0506
vn -0.9787 0.1989 0.0505
vn -0.0567 -0.0175 -0.9982
vn 0.9787 -0.1990 -0.0506
vn 0.0669 0.0446 0.9968
vn -0.8850 0.4641 0.0361
vn -0.8850 0.4641 0.0360
vn -0.0669 -0.0446 -0.9968
vn -0.0672 -0.0444 -0.9968
vn 0.8850 -0.4642 -0.0366
vn 0.9787 -0.1989 -0.0505
vn 0.1071 0.0919 0.9900
vn -0.6758 0.7371 -0.0046
vn -0.6758 0.7371 -0.0047
vn -0.1070 -0.0919 -0.9900
vn 0.6758 -0.7371 0.0044
vn 0.8850 -0.4641 -0.0360
vn 0.1829 0.1370 0.9735
vn -0.3422 0.9365 -0.0769
vn -0.1829 -0.1370 -0.9735
vn 0.3422 -0.9365 0.0769
vn 0.6758 -0.7371 0.0045
vn 0.2636 0.1499 0.9529
vn 0.2637 0.1502 0.9528
vn 0.0045 0.9865 -0.1639
vn -0.2636 -0.1502 -0.9529
vn -0.0043 -0.9865 0.1638
vn 0.3194 0.1403 0.9372
vn 0.2823 0.9293 -0.2383
vn 0.0045 0.9865 -0.1635
vn -0.3194 -0.1404 -0.9372
vn -0.2636 -0.1499 -0.9529
vn -0.2824 -0.9293 0.2381
vn -0.2824 -0.9293 0.2380
vn 0.3448 0.1277 0.9300
vn 0.3450 0.1278 0.9299
vn 0.4878 0.8216 -0.2950
vn 0.2825 0.9293 -0.2379
vn -0.3448 -0.1278 -0.9299
vn -0.3194 -0.1403 -0.9372
vn -0.4879 -0.8216 0.2949
vn -0.4877 -0.8216 0.2952
vn 0.3448 0.1290 0.9298
vn 0.6366 0.6964 -0.3312
vn 0.4879 0.8216 -0.2949
vn -0.3449 -0.1290 -0.9297
vn -0.3448 -0.1277 -0.9299
vn -0.6363 -0.6964 0.3318
vn -0.6365 -0.6964 0.3315
vn 0.3288 0.1483 0.9327
vn 0.7447 0.5673 -0.3515
vn 0.6366 0.6965 -0.3312
vn -0.3288 -0.1483 -0.9327
vn -0.3287 -0.1482 -0.9327
vn -0.7447 -0.5673 0.3514
vn -0.7449 -0.5673 0.3511
vn 0.3224 0.1577 0.9334
vn 0.8477 0.3903 -0.3594
vn 0.8476 0.3902 -0.3595
vn -0.3225 -0.1577 -0.9333
vn -0.3225 -0.1578 -0.9333
vn -0.8477 -0.3903 0.3593
vn 0.3294 0.1301 0.9352
vn 0.3225 0.1577 0.9333
vn 0.9275 0.1333 -0.3492
vn 0.9275 0.1332 -0.3493
vn -0.3295 -0.1301 -0.9352
vn -0.3295 -0.1301 -0.9351
vn -0.9275 -0.1332 0.3493
vn -0.8477 -0.3903 0.3594
vn 0.3294 0.0734 0.9413
vn 0.9315 -0.1766 -0.3179
vn -0.3296 -0.0733 -0.9413
vn -0.3297 -0.0733 -0.9412
vn -0.9314 0.1766 0.3182
vn -0.9275 -0.1333 0.3494
vn 0.2969 -0.0072 0.9549
vn 0.8003 -0.5369 -0.2668
vn 0.8003 -0.5369 -0.2669
vn -0.2968 0.0070 -0.9549
vn -0.2969 0.0070 -0.9549
vn -0.8004 0.5367 0.2668
vn -0.9314 0.1766 0.3183
vn 0.2279 -0.0799 0.9704
vn 0.2281 -0.0803 0.9703
vn 0.5075 -0.8384 -0.1988
vn -0.2279 0.0799 -0.9704
vn -0.5076 0.8384 0.1985
vn -0.5076 0.8383 0.1989
vn 0.1795 -0.1062 0.9780
vn 0.1794 -0.1058 0.9781
vn 0.2269 -0.9628 -0.1470
vn 0.5076 -0.8385 -0.1983
vn -0.1795 0.1062 -0.9780
vn -0.2280 0.0801 -0.9704
vn -0.2269 0.9627 0.1471
vn -0.2269 0.9628 0.1470
vn 0.1800 -0.0974 0.9788
vn 0.1802 -0.0973 0.9788
vn 0.0584 -0.9925 -0.1077
vn 0.2270 -0.9628 -0.1469
vn -0.1783 0.0964 -0.9792
vn -0.1795 0.1061 -0.9780
vn -0.0565 0.9925 0.1083
vn -0.0563 0.9925 0.1083
vn 0.0579 -0.9923 -0.1098
vn -0.1783 0.0985 -0.9790
vn -0.7970 -0.4883 -0.3554
vn -0.2274 -0.5773 0.7843
vn -0.6064 0.2202 0.7640
vn 0.6165 0.5422 0.5708
vn 0.8342 -0.1803 0.5211
vn 0.6980 -0.1409 -0.7021
vn 0.6613 -0.4748 -0.5808
vn -0.3853 -0.8625 -0.3282
vn -0.7741 -0.6196 -0.1298
vn -0.7153 0.6698 0.1996
vn 0.5080 0.8392 0.1939
vn 0.8674 -0.4739 -0.1516
vn -0.6691 0.5563 -0.4928
vn 0.5854 0.7603 -0.2814
vn 0.7591 -0.4606 0.4601
vn -0.7635 -0.6255 0.1608
vn -0.8275 -0.4827 0.2867
vn -0.4839 0.1397 -0.8639
vn 0.6949 0.5130 -0.5039
vn 0.5868 -0.0709 0.8066
vn -0.4121 -0.1490 -0.8989
vn 0.8185 0.3729 -0.4370
vn 0.4121 0.1490 0.8989
vn -0.8184 -0.3730 0.4371
vn 0.8144 0.5734 0.0894
vn 0.7786 0.3582 0.5153
vn 0.9331 0.1353 0.3332
vn 0.8454 0.5293 0.0720
vn 0.7194 0.4005 0.5675
vn 0.8464 0.5326 0.0001
vn 0.8127 0.5827 0.0001
vn -0.7986 -0.5939 0.0979
vn -0.5935 -0.6202 0.5130
vn -0.6367 -0.5503 0.5401
vn -0.8097 -0.5869 0.0008
vn -0.5757 -0.7856 0.2268
vn -0.8767 -0.4811 0.0010
vn -0.8723 -0.4833 0.0744
vn 0.2768 -0.4228 0.8629
vn 0.4256 -0.8222 0.3779
vn 0.9832 0.1824 0.0038
vn 0.4691 -0.8832 0.0033
vn -0.5907 -0.8069 0.0025
vn 0.0488 -0.1238 -0.9911
vn 0.7716 0.3663 -0.5200
vn 0.2473 -0.4571 -0.8543
vn 0.7574 0.4656 -0.4579
vn -0.0325 -0.0132 -0.9994
vn -0.6515 -0.5539 -0.5184
vn -0.5766 -0.6725 -0.4640
vn 0.6985 0.6969 -0.1629
vn -0.1807 0.5890 -0.7877
vn -0.3256 0.8998 -0.2904
vn 0.7335 0.6797 0.0008
vn -0.3644 0.9313 0.0019
vn -1.0000 0.0033 0.0023
vn -0.9780 0.0220 -0.2072
vn -0.0687 0.1609 0.9846
vn 0.7562 0.5124 0.4069
vn -0.1847 0.5565 0.8100
vn -0.0236 -0.0072 0.9997
vn 0.7447 0.4465 0.4961
vn -0.7577 -0.4186 0.5007
vn -0.8999 -0.1142 0.4209
vn 0.8890 0.4579 0.0000
vn 0.8871 0.4583 -0.0553
vn 0.7452 0.5354 -0.3975
vn 0.7518 0.4712 -0.4614
vn 0.8461 0.5294 -0.0616
vn -0.5439 -0.8151 -0.1993
vn -0.8046 -0.5885 -0.0796
vn -0.8775 -0.4751 -0.0652
vn 0.4272 -0.8251 -0.3698
vn 0.9460 0.1691 -0.2765
vn -0.3274 0.8896 0.3184
vn 0.7169 0.6746 0.1759
vn -0.9706 0.0537 0.2347
vn 0.8866 0.4584 0.0618
vn -0.9341 -0.3446 0.0930
vn -0.9347 -0.3555 0.0026
vn -0.8288 -0.2319 0.5092
vn -0.0822 0.1672 -0.9825
vn -0.9135 -0.0961 -0.3952
vn -0.7766 -0.4342 -0.4565
vn 0.0443 -0.1151 0.9924
vn 0.7398 0.4425 0.5068
vn 0.7484 0.4259 -0.5084
vn 0.8132 0.5777 -0.0707
vn -0.8597 -0.2324 -0.4549
vn -0.9336 -0.3495 -0.0794
vn 0.8660 0.5000 0.0000
vn -0.8660 -0.5000 -0.0000
vn 0.5001 -0.8660 -0.0000
vn -0.5000 0.8660 0.0000
vn -0.1372 0.1432 0.9801
vn -0.1330 0.1731 0.9759
vn -0.1325 0.1731 0.9760
vn -0.9791 0.1260 -0.1598
vn -0.9904 -0.0069 -0.1378
vn -0.9791 0.1261 -0.1596
vn 0.1330 -0.1733 -0.9758
vn 0.1372 -0.1432 -0.9801
vn 0.1326 -0.1731 -0.9759
vn 0.9904 0.0068 0.1378
vn 0.9790 -0.1261 0.1601
vn 0.9790 -0.1262 0.1600
vn -0.1044 0.2370 0.9659
vn -0.1043 0.2370 0.9659
vn -0.8337 0.5038 -0.2261
vn -0.8335 0.5042 -0.2257
vn 0.1046 -0.2372 -0.9658
vn 0.1045 -0.2371 -0.9658
vn 0.8338 -0.5038 0.2259
vn 0.8336 -0.5039 0.2261
vn -0.0571 0.2844 0.9570
vn -0.4798 0.8309 -0.2818
vn -0.4798 0.8309 -0.2817
vn 0.0573 -0.2846 -0.9569
vn 0.0572 -0.2845 -0.9570
vn 0.4798 -0.8308 0.2820
vn 0.4798 -0.8308 0.2819
vn -0.0164 0.2998 0.9539
vn -0.1436 0.9427 -0.3011
vn 0.0163 -0.2995 -0.9540
vn 0.0164 -0.2997 -0.9539
vn 0.1436 -0.9427 0.3012
vn 0.1436 -0.9427 0.3011
vn 0.0164 0.2998 0.9539
vn 0.1436 0.9427 -0.3011
vn -0.0164 -0.2998 -0.9539
vn -0.0164 -0.2997 -0.9539
vn -0.1436 -0.9427 0.3011
vn 0.0571 0.2844 0.9570
vn 0.4798 0.8309 -0.2817
vn 0.4798 0.8309 -0.2818
vn -0.0572 -0.2845 -0.9570
vn -0.0573 -0.2846 -0.9569
vn -0.4798 -0.8309 0.2818
vn -0.4797 -0.8309 0.2819
vn 0.1044 0.2370 0.9659
vn 0.1043 0.2370 0.9659
vn 0.8337 0.5038 -0.2262
vn 0.8336 0.5039 -0.2262
vn -0.1046 -0.2372 -0.9658
vn -0.1042 -0.2372 -0.9658
vn -0.8337 -0.5038 0.2262
vn -0.8336 -0.5039 0.2261
vn 0.1325 0.1731 0.9760
vn 0.1331 0.1735 0.9758
vn 0.9790 0.1262 -0.1600
vn 0.9790 0.1261 -0.1601
vn -0.1326 -0.1731 -0.9759
vn -0.1327 -0.1732 -0.9759
vn -0.9791 -0.1262 0.1595
vn -0.9791 -0.1259 0.1599
vn 0.1375 0.1432 0.9801
vn 0.9904 -0.0069 -0.1377
vn 0.9904 -0.0069 -0.1378
vn -0.1372 -0.1432 -0.9801
vn -0.9905 0.0068 0.1376
vn -0.0130 -0.9897 0.1428
vn -0.0129 -0.9897 0.1427
vn 0.0130 -0.9897 0.1428
vn 0.0129 -0.9897 0.1427
vn 0.0131 -0.9897 0.1428
vn -0.0949 0.1533 0.9836
vn -0.1205 0.1557 0.9804
vn 0.1091 0.9839 -0.1418
vn 0.1440 0.9799 -0.1378
vn 0.1205 -0.1558 -0.9804
vn 0.0949 -0.1531 -0.9836
vn -0.1441 -0.9799 0.1379
vn -0.1091 -0.9839 0.1419
vn -0.0475 0.1501 0.9875
vn -0.0475 0.1500 0.9875
vn 0.0389 0.9883 -0.1475
vn 0.0475 -0.1502 -0.9875
vn 0.0475 -0.1501 -0.9875
vn -0.0390 -0.9883 0.1477
vn -0.0000 0.1488 0.9889
vn 0.0000 0.1491 0.9888
vn -0.0000 0.9889 -0.1489
vn -0.0000 -0.1491 -0.9888
vn -0.0000 -0.1490 -0.9888
vn 0.0000 -0.9888 0.1490
vn 0.0475 0.1500 0.9875
vn 0.0475 0.1501 0.9875
vn -0.0389 0.9883 -0.1475
vn -0.0475 -0.1501 -0.9875
vn -0.0475 -0.1502 -0.9875
vn 0.0390 -0.9883 0.1476
vn 0.0389 -0.9883 0.1477
vn 0.0949 0.1532 0.9836
vn -0.1091 0.9839 -0.1418
vn -0.0949 -0.1531 -0.9836
vn 0.1091 -0.9839 0.1419
vn 0.1205 0.1557 0.9804
vn -0.1440 0.9799 -0.1377
vn -0.1205 -0.1558 -0.9804
vn 0.1441 -0.9799 0.1379
vn -0.9822 0.1246 -0.1406
vn -0.9822 0.1245 -0.1405
vn 0.9822 0.1245 -0.1406
vn 0.3239 0.0000 -0.9461
vn -0.0244 0.0088 0.9997
vn -0.3239 0.0000 -0.9461
vn -0.0710 -0.9869 -0.1449
vn -0.2048 0.1572 -0.9661
vn 0.0977 -0.0757 0.9923
vn 0.7771 0.6291 -0.0196
vn -0.9978 -0.0327 0.0568
vn -0.0558 -0.0117 -0.9984
vn 0.1073 0.0917 0.9900
vn -0.3446 -0.1287 -0.9299
vn 0.7447 0.5673 -0.3514
vn 0.2970 -0.0072 0.9549
vn -0.8005 0.5368 0.2665
vn -0.0131 -0.9897 0.1428
vn -0.9821 0.1248 -0.1408
vn -0.3957 0.1638 0.9036
vn -0.4050 0.1549 0.9011
vn -0.3667 0.2531 0.8952
vn -0.4151 0.0819 0.9061
vn -0.4141 0.0539 0.9086
vn -0.4289 0.0148 0.9032
vn -0.3989 -0.0290 0.9165
vn 0.0027 0.0102 0.9999
vn 0.0391 0.0154 0.9991
vn 0.0497 0.0889 0.9948
vn -0.0098 -0.0705 0.9975
vn -0.0130 -0.0903 0.9958
vn -0.3191 0.2653 0.9098
vn -0.3311 0.0776 0.9404
vn -0.2967 -0.0641 0.9528
vn -0.4485 -0.1246 0.8850
vn -0.3719 -0.1847 0.9097
vn -0.4198 -0.2615 0.8691
vn -0.3037 -0.3301 0.8938
vn -0.0633 -0.0196 0.9978
vn -0.0420 -0.1373 0.9896
vn -0.0384 -0.1940 0.9802
vn 0.0102 0.2284 0.9735
vn 0.0200 0.2753 0.9612
vn -0.0500 0.3358 0.9406
vn 0.0202 0.1186 0.9927
vn 0.0572 0.1837 0.9813
vn -0.2161 0.3017 0.9286
vn -0.1392 0.3823 0.9135
vn -0.2230 0.3967 0.8905
vn -0.1787 0.1056 0.9782
vn -0.0866 0.2765 0.9571
vn -0.1570 -0.0462 0.9865
vn -0.1474 -0.2029 0.9680
vn -0.2497 -0.2269 0.9414
vn -0.1744 -0.3155 0.9328
vn -0.0905 -0.2659 0.9598
vn -0.0672 0.0910 0.9936
vn -0.2221 -0.3322 0.9167
vn 0.3957 0.1638 0.9036
vn 0.4050 0.1549 0.9011
vn 0.4151 0.0819 0.9061
vn 0.4141 0.0539 0.9086
vn 0.4289 0.0148 0.9032
vn 0.3989 -0.0290 0.9165
vn 0.4393 -0.0746 0.8952
vn 0.0024 0.0096 1.0000
vn -0.0391 0.0154 0.9991
vn 0.0084 -0.0644 0.9979
vn 0.0130 -0.0903 0.9958
vn 0.0384 -0.1940 0.9802
vn 0.3116 0.2607 0.9138
vn 0.3668 0.2530 0.8952
vn 0.2743 0.3610 0.8913
vn 0.3377 0.0825 0.9376
vn 0.3068 -0.0562 0.9501
vn 0.4485 -0.1246 0.8850
vn 0.3822 -0.1856 0.9052
vn 0.4198 -0.2615 0.8691
vn 0.0610 -0.0205 0.9979
vn 0.0441 -0.1261 0.9910
vn 0.0905 -0.2659 0.9598
vn 0.0038 0.2199 0.9755
vn -0.0200 0.2753 0.9612
vn -0.0572 0.1837 0.9813
vn -0.0202 0.1073 0.9940
vn -0.0543 0.1488 0.9874
vn -0.0497 0.0889 0.9948
vn 0.2040 0.3071 0.9296
vn 0.1392 0.3823 0.9135
vn 0.0869 0.2754 0.9574
vn 0.1769 0.1063 0.9785
vn 0.0600 0.0919 0.9940
vn 0.1474 -0.2029 0.9680
vn 0.2466 -0.2256 0.9425
vn 0.1744 -0.3155 0.9328
vn 0.1571 -0.0468 0.9865
vn 0.0500 0.3358 0.9406
vn 0.2230 0.3967 0.8905
vn 0.3037 -0.3301 0.8938
vn -0.4393 -0.0746 0.8952
vn -0.2743 0.3610 0.8913
vn 0.0543 0.1488 0.9874
vn 0.2221 -0.3322 0.9167
usemtl default1
s 1
f 6/1/1 8/2/1 5/3/1
f 10/4/2 12/5/2 9/6/2
f 7/7/3 10/8/3 8/9/3
f 6/10/4 11/11/4 7/12/4
f 5/13/5 12/14/6 6/15/6
f 8/2/1 14/16/1 5/3/1
f 10/4/2 15/17/2 16/18/2
f 16/19/7 8/20/8 10/21/8
f 14/22/9 9/23/5 5/13/5
f 18/24/1 13/25/1 17/26/1
f 19/27/2 16/18/2 15/17/2
f 17/28/10 16/19/7 20/29/11
f 18/30/12 15/31/13 14/32/9
f 19/33/14 17/34/14 20/35/14
f 63/36/15 65/37/16 66/38/17
f 68/39/18 63/36/19 67/40/20
f 70/41/21 67/40/22 69/42/23
f 66/43/24 70/41/25 69/42/26
f 71/44/27 66/38/17 72/45/27
f 67/40/20 71/44/28 73/46/29
f 69/42/23 73/46/30 74/47/30
f 72/48/31 69/42/26 74/47/32
f 75/49/33 72/45/27 76/50/34
f 73/46/29 75/49/35 77/51/35
f 74/47/30 77/51/36 78/52/36
f 76/53/37 74/47/32 78/52/38
f 75/49/33 80/54/39 79/55/40
f 81/56/41 75/49/35 79/55/42
f 82/57/43 77/51/36 81/56/44
f 76/53/37 82/57/45 80/58/45
f 79/55/40 84/59/46 83/60/47
f 85/61/48 79/55/42 83/60/49
f 86/62/50 81/56/44 85/61/51
f 80/58/45 86/62/52 84/63/53
f 87/64/54 84/59/46 88/65/55
f 85/61/48 87/64/56 89/66/56
f 86/62/50 89/66/57 90/67/57
f 88/68/58 86/62/52 90/67/59
f 91/69/60 88/65/55 92/70/60
f 89/66/56 91/69/61 93/71/62
f 90/67/57 93/71/63 94/72/64
f 92/73/65 90/67/59 94/72/66
f 95/74/67 92/70/60 96/75/68
f 93/71/62 95/74/69 97/76/70
f 94/72/64 97/76/71 98/77/72
f 96/78/73 94/72/66 98/77/74
f 95/74/67 100/79/75 99/80/76
f 97/76/70 99/80/77 101/81/78
f 102/82/79 97/76/71 101/81/80
f 100/83/81 98/77/74 102/82/81
f 99/80/76 104/84/82 103/85/82
f 105/86/83 99/80/77 103/85/83
f 106/87/84 101/81/80 105/86/85
f 100/83/81 106/87/86 104/88/86
f 103/85/82 108/89/87 107/90/87
f 109/91/88 103/85/83 107/90/88
f 110/92/89 105/86/85 109/91/90
f 104/88/86 110/92/91 108/93/92
f 107/90/87 112/94/93 111/95/93
f 113/96/94 107/90/88 111/95/95
f 114/97/96 109/91/90 113/96/97
f 108/93/92 114/97/98 112/98/99
f 111/95/93 116/99/100 115/100/100
f 117/101/101 111/95/95 115/100/102
f 118/102/103 113/96/97 117/101/103
f 112/98/99 118/102/104 116/103/105
f 119/104/106 116/99/100 120/105/107
f 121/106/108 115/100/102 119/104/109
f 118/102/103 121/106/110 122/107/111
f 116/103/105 122/107/112 120/108/112
f 123/109/113 120/105/107 124/110/114
f 121/106/108 123/109/115 125/111/116
f 122/107/111 125/111/117 126/112/118
f 124/113/119 122/107/112 126/112/120
f 127/114/121 124/110/114 128/115/122
f 125/111/116 127/114/123 129/116/124
f 126/112/118 129/116/125 130/117/126
f 128/118/127 126/112/120 130/117/128
f 131/119/129 128/115/122 132/120/130
f 129/116/124 131/119/131 133/121/132
f 130/117/126 133/121/133 134/122/134
f 132/123/135 130/117/128 134/122/136
f 135/124/137 132/120/130 136/125/138
f 133/121/132 135/124/139 137/126/140
f 134/122/134 137/126/141 138/127/142
f 136/128/143 134/122/136 138/127/144
f 135/124/137 140/129/145 139/130/146
f 141/131/147 135/124/139 139/130/148
f 142/132/149 137/126/141 141/131/150
f 136/128/143 142/132/151 140/133/152
f 139/130/146 144/134/153 143/135/154
f 145/136/155 139/130/148 143/135/156
f 146/137/157 141/131/150 145/136/158
f 140/133/152 146/137/159 144/138/160
f 143/135/154 148/139/161 147/140/162
f 149/141/163 143/135/156 147/140/164
f 150/142/165 145/136/158 149/141/166
f 144/138/160 150/142/167 148/143/168
f 147/140/162 65/144/16 64/145/169
f 68/146/18 147/140/164 64/145/170
f 70/147/21 149/141/166 68/146/171
f 148/143/168 70/147/25 65/148/172
f 152/149/173 154/150/174 151/151/175
f 155/152/176 152/149/173 151/151/175
f 157/153/177 156/154/178 155/152/176
f 153/155/179 157/153/177 154/156/174
f 151/151/175 160/157/180 159/158/181
f 155/152/176 159/158/181 161/159/182
f 162/160/183 155/152/176 161/159/182
f 160/161/180 157/153/177 162/160/183
f 163/162/184 160/157/180 164/163/185
f 165/164/186 159/158/181 163/162/184
f 162/160/183 165/164/186 166/165/187
f 160/161/180 166/165/187 164/166/185
f 167/167/188 164/163/185 168/168/189
f 165/164/186 167/167/188 169/169/190
f 170/170/191 165/164/186 169/169/190
f 164/166/185 170/170/191 168/171/189
f 171/172/192 168/168/189 172/173/193
f 169/169/190 171/172/192 173/174/194
f 170/170/191 173/174/194 174/175/195
f 172/176/193 170/170/191 174/175/195
f 158/177/196 152/178/173 156/179/178
f 175/180/197 177/181/198 178/182/199
f 179/183/200 178/182/199 180/184/201
f 175/180/197 181/185/202 182/186/203
f 176/187/204 182/186/203 183/188/205
f 184/189/206 186/190/207 187/191/208
f 188/192/209 187/191/208 189/193/210
f 184/189/206 190/194/211 191/195/212
f 185/196/213 191/195/212 192/197/214
f 194/198/215 176/187/204 193/199/216
f 193/199/216 183/188/205 195/200/217
f 193/201/216 189/193/210 187/191/208
f 194/202/215 187/191/208 186/190/207
f 196/203/218 198/204/219 199/205/220
f 196/203/218 201/206/221 200/207/222
f 200/208/222 203/209/223 196/210/218
f 196/210/218 204/211/224 197/212/225
f 206/213/226 208/214/227 205/215/228
f 205/215/228 210/216/229 209/217/230
f 205/218/228 211/219/231 212/220/232
f 206/221/226 212/220/232 213/222/233
f 214/223/234 216/224/235 217/225/236
f 218/226/237 217/225/236 180/184/201
f 214/227/234 192/197/214 219/228/238
f 214/227/234 220/229/239 215/230/240
f 222/231/241 208/214/227 221/232/242
f 221/232/242 207/233/243 223/234/244
f 223/234/244 224/235/245 221/232/242
f 221/232/242 181/185/202 222/231/241
f 188/192/209 226/236/246 225/237/247
f 225/237/247 204/211/224 203/209/223
f 203/209/223 227/238/248 225/237/247
f 225/237/247 190/194/211 188/192/209
f 228/239/249 183/188/205 229/240/250
f 197/241/225 229/240/250 198/204/219
f 197/212/225 226/236/246 228/242/249
f 228/242/249 189/193/210 195/243/217
f 230/244/251 210/216/229 231/245/252
f 215/246/240 231/245/252 216/224/235
f 215/230/240 232/247/253 230/248/251
f 230/248/251 211/219/231 209/249/230
f 179/183/200 217/225/236 233/250/254
f 233/250/254 216/224/235 231/245/252
f 231/245/252 222/231/241 233/250/254
f 233/250/254 181/185/202 179/183/200
f 234/251/255 190/194/211 235/252/256
f 232/247/253 235/252/256 211/219/231
f 234/251/255 220/229/239 219/228/238
f 191/195/212 219/228/238 192/197/214
f 200/207/222 223/234/244 236/253/257
f 236/253/257 207/233/243 206/213/226
f 236/254/257 213/222/233 237/255/258
f 236/254/257 202/256/259 200/208/222
f 238/257/260 180/184/201 178/182/199
f 238/257/260 177/181/198 194/198/215
f 238/258/260 186/190/207 185/196/213
f 218/259/237 185/196/213 192/197/214
f 224/235/245 199/205/220 239/260/261
f 239/260/261 198/204/219 229/240/250
f 229/240/250 182/186/203 239/260/261
f 239/260/261 181/185/202 224/235/245
f 227/238/248 237/255/258 240/261/262
f 240/261/262 213/222/233 212/220/232
f 212/220/232 235/252/256 240/261/262
f 240/261/262 190/194/211 227/238/248
f 242/262/263 244/263/263 241/264/263
f 246/265/264 248/266/264 245/267/264
f 248/268/265 243/269/265 242/270/265
f 248/271/4 241/272/4 245/273/4
f 245/274/266 244/275/266 246/276/266
f 247/277/267 244/278/267 243/279/267
f 254/280/1 256/281/1 253/282/1
f 258/283/2 260/284/2 257/285/2
f 260/286/6 255/287/6 254/288/6
f 259/289/4 256/290/4 255/291/4
f 258/292/3 253/293/268 256/294/3
f 254/280/1 261/295/1 262/296/1
f 260/284/2 264/297/2 257/285/2
f 254/298/269 263/299/270 260/300/269
f 257/301/268 261/302/271 253/293/268
f 262/296/1 266/303/1 265/304/1
f 263/305/2 268/306/2 264/297/2
f 263/299/270 265/307/272 267/308/273
f 266/309/274 264/310/275 268/311/276
f 265/312/277 268/313/277 267/314/277
f 311/315/278 313/316/279 314/317/280
f 311/315/281 316/318/282 315/319/283
f 315/319/284 318/320/285 317/321/284
f 312/322/286 318/320/287 313/323/288
f 319/324/289 312/325/278 311/315/278
f 319/324/290 315/319/283 321/326/291
f 321/326/292 317/321/284 322/327/292
f 320/328/293 317/321/294 312/322/286
f 323/329/295 320/330/289 319/324/289
f 323/329/296 321/326/291 325/331/297
f 325/331/298 322/327/292 326/332/299
f 324/333/300 322/327/301 320/328/293
f 328/334/302 323/329/295 327/335/303
f 329/336/304 323/329/296 325/331/297
f 330/337/305 325/331/298 326/332/299
f 330/337/306 324/333/300 328/338/307
f 332/339/308 327/335/303 331/340/309
f 333/341/310 327/335/311 329/336/304
f 334/342/312 329/336/313 330/337/305
f 334/342/314 328/338/307 332/343/315
f 335/344/316 332/339/308 331/340/309
f 335/344/317 333/341/310 337/345/318
f 337/345/319 334/342/312 338/346/319
f 336/347/320 334/342/314 332/343/315
f 339/348/321 336/349/316 335/344/316
f 339/348/322 337/345/318 341/350/323
f 341/350/324 338/346/319 342/351/325
f 340/352/326 338/346/327 336/347/320
f 343/353/328 340/354/321 339/348/321
f 343/353/329 341/350/323 345/355/330
f 345/355/331 342/351/325 346/356/331
f 344/357/332 342/351/333 340/352/326
f 348/358/334 343/353/328 347/359/334
f 347/359/335 345/355/330 349/360/335
f 350/361/336 345/355/331 346/356/331
f 348/362/337 346/356/338 344/357/332
f 352/363/339 347/359/334 351/364/340
f 353/365/341 347/359/335 349/360/335
f 354/366/342 349/360/336 350/361/336
f 354/366/343 348/362/337 352/367/343
f 356/368/344 351/364/340 355/369/344
f 357/370/345 351/364/346 353/365/341
f 358/371/347 353/365/348 354/366/342
f 358/371/349 352/367/343 356/372/350
f 360/373/351 355/369/344 359/374/352
f 361/375/353 355/369/354 357/370/345
f 362/376/355 357/370/356 358/371/347
f 362/376/357 356/372/350 360/377/358
f 364/378/359 359/374/352 363/379/359
f 365/380/360 359/374/361 361/375/353
f 366/381/362 361/375/363 362/376/355
f 366/381/364 360/377/358 364/382/365
f 367/383/366 364/378/359 363/379/359
f 369/384/367 363/379/368 365/380/360
f 369/384/369 366/381/362 370/385/370
f 370/385/371 364/382/365 368/386/372
f 371/387/373 368/388/366 367/383/366
f 371/387/374 369/384/367 373/389/375
f 373/389/376 370/385/370 374/390/377
f 372/391/378 370/385/371 368/386/372
f 375/392/379 372/393/380 371/387/373
f 375/392/381 373/389/375 377/394/382
f 377/394/383 374/390/377 378/395/384
f 376/396/385 374/390/386 372/391/378
f 379/397/387 376/398/379 375/392/379
f 379/397/388 377/394/382 381/399/388
f 381/399/389 378/395/384 382/400/390
f 380/401/391 378/395/392 376/396/385
f 383/402/393 380/403/387 379/397/387
f 383/402/394 381/399/388 385/404/395
f 385/404/396 382/400/390 386/405/397
f 384/406/398 382/400/399 380/401/391
f 388/407/400 383/402/393 387/408/401
f 389/409/402 383/402/394 385/404/395
f 390/410/403 385/404/396 386/405/397
f 390/410/404 384/406/398 388/411/405
f 392/412/406 387/408/401 391/413/407
f 393/414/408 387/408/409 389/409/402
f 394/415/410 389/409/411 390/410/403
f 394/415/412 388/411/405 392/416/413
f 396/417/414 391/413/407 395/418/415
f 397/419/416 391/413/417 393/414/408
f 398/420/418 393/414/419 394/415/410
f 398/420/420 392/416/413 396/421/421
f 313/422/279 395/418/415 314/423/280
f 316/424/282 395/418/422 397/419/416
f 318/425/285 397/419/423 398/420/418
f 318/425/287 396/421/421 313/426/288
f 400/427/424 402/428/425 399/429/426
f 403/430/427 402/428/425 404/431/428
f 405/432/429 404/431/428 406/433/430
f 405/432/429 401/434/431 400/435/424
f 408/436/432 399/429/426 407/437/433
f 407/437/433 403/430/427 409/438/434
f 410/439/435 403/430/427 405/432/429
f 408/440/432 405/432/429 400/435/424
f 411/441/436 408/436/432 407/437/433
f 411/441/436 409/438/434 413/442/437
f 413/442/437 410/439/435 414/443/438
f 414/443/438 408/440/432 412/444/439
f 416/445/440 411/441/436 415/446/441
f 415/446/441 413/442/437 417/447/442
f 418/448/443 413/442/437 414/443/438
f 416/449/440 414/443/438 412/444/439
f 419/450/444 416/445/440 415/446/441
f 419/450/444 417/447/442 421/451/445
f 421/451/445 418/448/443 422/452/446
f 420/453/447 418/448/443 416/449/440
f 402/454/425 406/455/430 404/456/428
f 423/457/448 425/458/449 426/459/450
f 427/460/451 424/461/452 423/457/448
f 423/457/448 430/462/453 427/460/451
f 426/459/450 429/463/454 423/457/448
f 432/464/455 434/465/456 435/466/457
f 436/467/458 433/468/459 432/464/455
f 432/464/455 439/469/460 436/467/458
f 435/466/457 438/470/461 432/464/455
f 426/459/450 442/471/462 441/472/463
f 431/473/464 441/472/463 443/474/465
f 441/475/463 437/476/466 443/477/465
f 442/478/462 433/468/459 441/475/463
f 444/479/467 446/480/468 447/481/469
f 449/482/470 444/479/467 448/483/471
f 450/484/472 448/485/471 444/486/467
f 452/487/473 444/486/467 447/488/469
f 454/489/474 456/490/475 453/491/476
f 458/492/477 453/491/476 457/493/478
f 453/494/476 460/495/479 457/496/478
f 456/497/475 459/498/480 453/494/476
f 462/499/481 464/500/482 465/501/483
f 466/502/484 463/503/485 462/499/481
f 462/504/481 440/505/486 466/506/484
f 468/507/487 462/504/481 465/508/483
f 454/489/474 470/509/488 469/510/489
f 455/511/490 469/510/489 471/512/491
f 472/513/492 471/512/491 469/510/489
f 430/462/453 469/510/489 470/509/488
f 474/514/493 436/467/458 473/515/494
f 452/487/473 473/515/494 450/484/472
f 475/516/495 450/484/472 473/515/494
f 439/469/460 473/515/494 436/467/458
f 476/517/496 431/473/464 443/474/465
f 447/481/469 477/518/497 476/517/496
f 474/514/493 447/488/469 476/519/496
f 437/476/466 476/519/496 443/477/465
f 478/520/498 458/492/477 457/493/478
f 465/501/483 479/521/499 478/520/498
f 480/522/500 465/508/483 478/523/498
f 460/495/479 478/523/498 457/496/478
f 463/503/485 427/460/451 481/524/501
f 464/500/482 481/524/501 479/521/499
f 470/509/488 479/521/499 481/524/501
f 430/462/453 481/524/501 427/460/451
f 482/525/502 439/469/460 438/470/461
f 480/522/500 483/526/503 482/525/502
f 482/525/502 468/507/487 480/522/500
f 438/470/461 467/527/504 482/525/502
f 471/512/491 448/483/471 484/528/505
f 455/511/490 484/528/505 456/490/475
f 484/529/505 461/530/506 456/497/475
f 451/531/507 484/529/505 448/485/471
f 486/532/508 428/533/509 466/502/484
f 425/458/449 486/532/508 442/471/462
f 486/534/508 434/465/456 442/478/462
f 466/506/484 435/466/457 486/534/508
f 445/535/510 472/513/492 487/536/511
f 446/480/468 487/536/511 477/518/497
f 429/463/454 477/518/497 487/536/511
f 430/462/453 487/536/511 472/513/492
f 485/537/512 475/516/495 488/538/513
f 461/530/506 488/538/513 459/498/480
f 483/526/503 459/498/480 488/538/513
f 439/469/460 488/538/513 475/516/495
f 490/539/514 492/540/514 489/541/514
f 494/542/515 496/543/515 493/544/515
f 492/545/516 495/546/516 494/547/516
f 493/548/4 492/549/4 494/550/4
f 490/551/517 493/552/517 496/553/517
f 491/554/267 496/555/267 495/556/267
f 498/557/518 500/558/519 497/559/520
f 501/560/521 498/557/522 497/559/523
f 503/561/524 502/562/525 501/560/526
f 499/563/527 503/561/528 500/564/529
f 497/559/520 506/565/530 505/566/531
f 507/567/532 497/559/523 505/566/533
f 508/568/534 501/560/526 507/567/535
f 500/564/529 508/568/536 506/569/537
f 509/570/538 506/565/530 510/571/538
f 507/567/532 509/570/539 511/572/540
f 508/568/534 511/572/541 512/573/542
f 510/574/543 508/568/536 512/573/544
f 513/575/545 510/571/538 514/576/545
f 511/572/540 513/575/546 515/577/546
f 512/573/542 515/577/547 516/578/548
f 514/579/549 512/573/544 516/578/550
f 517/580/551 514/576/545 518/581/551
f 515/577/546 517/580/552 519/582/552
f 516/578/548 519/582/553 520/583/554
f 518/584/555 516/578/550 520/583/555
f 517/580/551 522/585/556 521/586/556
f 523/587/557 517/580/552 521/586/558
f 524/588/559 519/582/553 523/587/560
f 518/584/555 524/588/561 522/589/562
f 521/586/556 526/590/563 525/591/564
f 527/592/565 521/586/558 525/591/566
f 528/593/567 523/587/560 527/592/568
f 522/589/562 528/593/569 526/594/570
f 529/595/571 526/590/563 530/596/572
f 527/592/565 529/595/573 531/597/574
f 528/593/567 531/597/575 532/598/576
f 530/599/577 528/593/569 532/598/578
f 533/600/579 530/596/572 534/601/579
f 531/597/574 533/600/580 535/602/581
f 532/598/576 535/602/582 536/603/582
f 534/604/583 532/598/578 536/603/583
f 502/605/584 499/606/584 498/607/585
f 535/608/586 533/609/587 534/610/586
f 536/611/588 535/608/586 534/610/586
f 537/612/589 539/613/590 540/614/589
f 541/615/591 538/616/592 537/612/591
f 544/617/593 541/615/594 543/618/594
f 539/619/595 543/618/596 540/620/596
f 537/612/589 546/621/597 545/622/598
f 541/615/591 545/622/599 547/623/599
f 548/624/600 541/615/594 547/623/601
f 546/625/602 543/618/596 548/624/602
f 545/622/598 550/626/603 549/627/604
f 551/628/605 545/622/599 549/627/605
f 552/629/606 547/623/601 551/628/607
f 546/625/602 552/629/608 550/630/608
f 553/631/609 550/626/603 554/632/610
f 551/628/605 553/631/611 555/633/611
f 552/629/606 555/633/612 556/634/613
f 554/635/614 552/629/608 556/634/615
f 557/636/616 554/632/610 558/637/616
f 559/638/617 553/631/611 557/636/617
f 556/634/613 559/638/618 560/639/618
f 554/635/614 560/639/619 558/640/619
f 557/636/616 562/641/620 561/642/620
f 559/638/617 561/642/621 563/643/621
f 564/644/622 559/638/618 563/643/622
f 562/645/623 560/639/619 564/644/623
f 544/646/624 538/647/624 542/648/625
f 563/649/626 561/650/626 562/651/626
f 564/652/626 563/649/626 562/651/626
f 6/1/1 7/653/1 8/2/1
f 10/4/2 11/654/2 12/5/2
f 7/7/3 11/655/3 10/8/3
f 6/10/4 12/656/4 11/11/4
f 5/13/5 9/23/5 12/14/6
f 8/2/1 13/25/1 14/16/1
f 10/4/2 9/6/2 15/17/2
f 16/19/7 13/657/627 8/20/8
f 14/22/9 15/658/13 9/23/5
f 18/24/1 14/16/1 13/25/1
f 19/27/2 20/659/2 16/18/2
f 17/28/10 13/657/627 16/19/7
f 18/30/12 19/660/628 15/31/13
f 19/33/14 18/661/14 17/34/14
f 63/36/15 64/662/169 65/37/16
f 68/39/18 64/662/170 63/36/19
f 70/41/21 68/39/171 67/40/22
f 66/43/24 65/663/172 70/41/25
f 71/44/27 63/36/15 66/38/17
f 67/40/20 63/36/19 71/44/28
f 69/42/23 67/40/22 73/46/30
f 72/48/31 66/43/24 69/42/26
f 75/49/33 71/44/27 72/45/27
f 73/46/29 71/44/28 75/49/35
f 74/47/30 73/46/30 77/51/36
f 76/53/37 72/48/31 74/47/32
f 75/49/33 76/50/34 80/54/39
f 81/56/41 77/51/35 75/49/35
f 82/57/43 78/52/36 77/51/36
f 76/53/37 78/52/38 82/57/45
f 79/55/40 80/54/39 84/59/46
f 85/61/48 81/56/41 79/55/42
f 86/62/50 82/57/43 81/56/44
f 80/58/45 82/57/45 86/62/52
f 87/64/54 83/60/47 84/59/46
f 85/61/48 83/60/49 87/64/56
f 86/62/50 85/61/51 89/66/57
f 88/68/58 84/63/53 86/62/52
f 91/69/60 87/64/54 88/65/55
f 89/66/56 87/64/56 91/69/61
f 90/67/57 89/66/57 93/71/63
f 92/73/65 88/68/58 90/67/59
f 95/74/67 91/69/60 92/70/60
f 93/71/62 91/69/61 95/74/69
f 94/72/64 93/71/63 97/76/71
f 96/78/73 92/73/65 94/72/66
f 95/74/67 96/75/68 100/79/75
f 97/76/70 95/74/69 99/80/77
f 102/82/79 98/77/72 97/76/71
f 100/83/81 96/78/73 98/77/74
f 99/80/76 100/79/75 104/84/82
f 105/86/83 101/81/78 99/80/77
f 106/87/84 102/82/79 101/81/80
f 100/83/81 102/82/81 106/87/86
f 103/85/82 104/84/82 108/89/87
f 109/91/88 105/86/83 103/85/83
f 110/92/89 106/87/84 105/86/85
f 104/88/86 106/87/86 110/92/91
f 107/90/87 108/89/87 112/94/93
f 113/96/94 109/91/88 107/90/88
f 114/97/96 110/92/89 109/91/90
f 108/93/92 110/92/91 114/97/98
f 111/95/93 112/94/93 116/99/100
f 117/101/101 113/96/94 111/95/95
f 118/102/103 114/97/96 113/96/97
f 112/98/99 114/97/98 118/102/104
f 119/104/106 115/100/100 116/99/100
f 121/106/108 117/101/101 115/100/102
f 118/102/103 117/101/103 121/106/110
f 116/103/105 118/102/104 122/107/112
f 123/109/113 119/104/106 120/105/107
f 121/106/108 119/104/109 123/109/115
f 122/107/111 121/106/110 125/111/117
f 124/113/119 120/108/112 122/107/112
f 127/114/121 123/109/113 124/110/114
f 125/111/116 123/109/115 127/114/123
f 126/112/118 125/111/117 129/116/125
f 128/118/127 124/113/119 126/112/120
f 131/119/129 127/114/121 128/115/122
f 129/116/124 127/114/123 131/119/131
f 130/117/126 129/116/125 133/121/133
f 132/123/135 128/118/127 130/117/128
f 135/124/137 131/119/129 132/120/130
f 133/121/132 131/119/131 135/124/139
f 134/122/134 133/121/133 137/126/141
f 136/128/143 132/123/135 134/122/136
f 135/124/137 136/125/138 140/129/145
f 141/131/147 137/126/140 135/124/139
f 142/132/149 138/127/142 137/126/141
f 136/128/143 138/127/144 142/132/151
f 139/130/146 140/129/145 144/134/153
f 145/136/155 141/131/147 139/130/148
f 146/137/157 142/132/149 141/131/150
f 140/133/152 142/132/151 146/137/159
f 143/135/154 144/134/153 148/139/161
f 149/141/163 145/136/155 143/135/156
f 150/142/165 146/137/157 145/136/158
f 144/138/160 146/137/159 150/142/167
f 147/140/162 148/139/161 65/144/16
f 68/146/18 149/141/163 147/140/164
f 70/147/21 150/142/165 149/141/166
f 148/143/168 150/142/167 70/147/25
f 152/149/173 153/664/179 154/150/174
f 155/152/176 156/154/178 152/149/173
f 157/153/177 158/665/196 156/154/178
f 153/155/179 158/665/196 157/153/177
f 151/151/175 154/150/174 160/157/180
f 155/152/176 151/151/175 159/158/181
f 162/160/183 157/153/177 155/152/176
f 160/161/180 154/156/174 157/153/177
f 163/162/184 159/158/181 160/157/180
f 165/164/186 161/159/182 159/158/181
f 162/160/183 161/159/182 165/164/186
f 160/161/180 162/160/183 166/165/187
f 167/167/188 163/162/184 164/163/185
f 165/164/186 163/162/184 167/167/188
f 170/170/191 166/165/187 165/164/186
f 164/166/185 166/165/187 170/170/191
f 171/172/192 167/167/188 168/168/189
f 169/169/190 167/167/188 171/172/192
f 170/170/191 169/169/190 173/174/194
f 172/176/193 168/171/189 170/170/191
f 158/177/196 153/664/179 152/178/173
f 175/180/197 176/187/204 177/181/198
f 179/183/200 175/180/197 178/182/199
f 175/180/197 179/183/200 181/185/202
f 176/187/204 175/180/197 182/186/203
f 184/189/206 185/196/213 186/190/207
f 188/192/209 184/189/206 187/191/208
f 184/189/206 188/192/209 190/194/211
f 185/196/213 184/189/206 191/195/212
f 194/198/215 177/181/198 176/187/204
f 193/199/216 176/187/204 183/188/205
f 193/201/216 195/243/217 189/193/210
f 194/202/215 193/201/216 187/191/208
f 196/203/218 197/241/225 198/204/219
f 196/203/218 199/205/220 201/206/221
f 200/208/222 202/256/259 203/209/223
f 196/210/218 203/209/223 204/211/224
f 206/213/226 207/233/243 208/214/227
f 205/215/228 208/214/227 210/216/229
f 205/218/228 209/249/230 211/219/231
f 206/221/226 205/218/228 212/220/232
f 214/223/234 215/246/240 216/224/235
f 218/226/237 214/223/234 217/225/236
f 214/227/234 218/259/237 192/197/214
f 214/227/234 219/228/238 220/229/239
f 222/231/241 210/216/229 208/214/227
f 221/232/242 208/214/227 207/233/243
f 223/234/244 201/206/221 224/235/245
f 221/232/242 224/235/245 181/185/202
f 188/192/209 189/193/210 226/236/246
f 225/237/247 226/236/246 204/211/224
f 203/209/223 202/256/259 227/238/248
f 225/237/247 227/238/248 190/194/211
f 228/239/249 195/200/217 183/188/205
f 197/241/225 228/239/249 229/240/250
f 197/212/225 204/211/224 226/236/246
f 228/242/249 226/236/246 189/193/210
f 230/244/251 209/217/230 210/216/229
f 215/246/240 230/244/251 231/245/252
f 215/230/240 220/229/239 232/247/253
f 230/248/251 232/247/253 211/219/231
f 179/183/200 180/184/201 217/225/236
f 233/250/254 217/225/236 216/224/235
f 231/245/252 210/216/229 222/231/241
f 233/250/254 222/231/241 181/185/202
f 234/251/255 191/195/212 190/194/211
f 232/247/253 234/251/255 235/252/256
f 234/251/255 232/247/253 220/229/239
f 191/195/212 234/251/255 219/228/238
f 200/207/222 201/206/221 223/234/244
f 236/253/257 223/234/244 207/233/243
f 236/254/257 206/221/226 213/222/233
f 236/254/257 237/255/258 202/256/259
f 238/257/260 218/226/237 180/184/201
f 238/257/260 178/182/199 177/181/198
f 238/258/260 194/202/215 186/190/207
f 218/259/237 238/258/260 185/196/213
f 224/235/245 201/206/221 199/205/220
f 239/260/261 199/205/220 198/204/219
f 229/240/250 183/188/205 182/186/203
f 239/260/261 182/186/203 181/185/202
f 227/238/248 202/256/259 237/255/258
f 240/261/262 237/255/258 213/222/233
f 212/220/232 211/219/231 235/252/256
f 240/261/262 235/252/256 190/194/211
f 242/262/263 243/666/263 244/263/263
f 246/265/264 247/667/264 248/266/264
f 248/268/265 247/668/265 243/269/265
f 248/271/4 242/669/4 241/272/4
f 245/274/266 241/670/266 244/275/266
f 247/277/267 246/671/267 244/278/267
f 254/280/1 255/672/1 256/281/1
f 258/283/2 259/673/2 260/284/2
f 260/286/6 259/674/6 255/287/6
f 259/289/4 258/675/4 256/290/4
f 258/292/3 257/301/268 253/293/268
f 254/280/1 253/282/1 261/295/1
f 260/284/2 263/305/2 264/297/2
f 254/298/269 262/676/629 263/299/270
f 257/301/268 264/677/275 261/302/271
f 262/296/1 261/295/1 266/303/1
f 263/305/2 267/678/2 268/306/2
f 263/299/270 262/676/629 265/307/272
f 266/309/274 261/679/271 264/310/275
f 265/312/277 266/680/277 268/313/277
f 311/315/278 312/325/278 313/316/279
f 311/315/281 314/317/630 316/318/282
f 315/319/284 316/318/631 318/320/285
f 312/322/286 317/321/294 318/320/287
f 319/324/289 320/330/289 312/325/278
f 319/324/290 311/315/281 315/319/283
f 321/326/292 315/319/284 317/321/284
f 320/328/293 322/327/301 317/321/294
f 323/329/295 324/681/632 320/330/289
f 323/329/296 319/324/290 321/326/291
f 325/331/298 321/326/292 322/327/292
f 324/333/300 326/332/633 322/327/301
f 328/334/302 324/681/632 323/329/295
f 329/336/304 327/335/311 323/329/296
f 330/337/305 329/336/313 325/331/298
f 330/337/306 326/332/633 324/333/300
f 332/339/308 328/334/302 327/335/303
f 333/341/310 331/340/634 327/335/311
f 334/342/312 333/341/635 329/336/313
f 334/342/314 330/337/306 328/338/307
f 335/344/316 336/349/316 332/339/308
f 335/344/317 331/340/634 333/341/310
f 337/345/319 333/341/635 334/342/312
f 336/347/320 338/346/327 334/342/314
f 339/348/321 340/354/321 336/349/316
f 339/348/322 335/344/317 337/345/318
f 341/350/324 337/345/319 338/346/319
f 340/352/326 342/351/333 338/346/327
f 343/353/328 344/682/636 340/354/321
f 343/353/329 339/348/322 341/350/323
f 345/355/331 341/350/324 342/351/325
f 344/357/332 346/356/338 342/351/333
f 348/358/334 344/682/636 343/353/328
f 347/359/335 343/353/329 345/355/330
f 350/361/336 349/360/336 345/355/331
f 348/362/337 350/361/337 346/356/338
f 352/363/339 348/358/334 347/359/334
f 353/365/341 351/364/346 347/359/335
f 354/366/342 353/365/348 349/360/336
f 354/366/343 350/361/337 348/362/337
f 356/368/344 352/363/339 351/364/340
f 357/370/345 355/369/354 351/364/346
f 358/371/347 357/370/356 353/365/348
f 358/371/349 354/366/343 352/367/343
f 360/373/351 356/368/344 355/369/344
f 361/375/353 359/374/361 355/369/354
f 362/376/355 361/375/363 357/370/356
f 362/376/357 358/371/349 356/372/350
f 364/378/359 360/373/351 359/374/352
f 365/380/360 363/379/368 359/374/361
f 366/381/362 365/380/637 361/375/363
f 366/381/364 362/376/357 360/377/358
f 367/383/366 368/388/366 364/378/359
f 369/384/367 367/383/638 363/379/368
f 369/384/369 365/380/637 366/381/362
f 370/385/371 366/381/364 364/382/365
f 371/387/373 372/393/380 368/388/366
f 371/387/374 367/383/638 369/384/367
f 373/389/376 369/384/369 370/385/370
f 372/391/378 374/390/386 370/385/371
f 375/392/379 376/398/379 372/393/380
f 375/392/381 371/387/374 373/389/375
f 377/394/383 373/389/376 374/390/377
f 376/396/385 378/395/392 374/390/386
f 379/397/387 380/403/387 376/398/379
f 379/397/388 375/392/381 377/394/382
f 381/399/389 377/394/383 378/395/384
f 380/401/391 382/400/399 378/395/392
f 383/402/393 384/683/639 380/403/387
f 383/402/394 379/397/388 381/399/388
f 385/404/396 381/399/389 382/400/390
f 384/406/398 386/405/640 382/400/399
f 388/407/400 384/683/639 383/402/393
f 389/409/402 387/408/409 383/402/394
f 390/410/403 389/409/411 385/404/396
f 390/410/404 386/405/640 384/406/398
f 392/412/406 388/407/400 387/408/401
f 393/414/408 391/413/417 387/408/409
f 394/415/410 393/414/419 389/409/411
f 394/415/412 390/410/404 388/411/405
f 396/417/414 392/412/406 391/413/407
f 397/419/416 395/418/422 391/413/417
f 398/420/418 397/419/423 393/414/419
f 398/420/420 394/415/412 392/416/413
f 313/422/279 396/417/414 395/418/415
f 316/424/282 314/423/630 395/418/422
f 318/425/285 316/424/631 397/419/423
f 318/425/287 398/420/420 396/421/421
f 400/427/424 401/684/431 402/428/425
f 403/430/427 399/429/426 402/428/425
f 405/432/429 403/430/427 404/431/428
f 405/432/429 406/433/430 401/434/431
f 408/436/432 400/427/424 399/429/426
f 407/437/433 399/429/426 403/430/427
f 410/439/435 409/438/434 403/430/427
f 408/440/432 410/439/435 405/432/429
f 411/441/436 412/685/439 408/436/432
f 411/441/436 407/437/433 409/438/434
f 413/442/437 409/438/434 410/439/435
f 414/443/438 410/439/435 408/440/432
f 416/445/440 412/685/439 411/441/436
f 415/446/441 411/441/436 413/442/437
f 418/448/443 417/447/442 413/442/437
f 416/449/440 418/448/443 414/443/438
f 419/450/444 420/686/447 416/445/440
f 419/450/444 415/446/441 417/447/442
f 421/451/445 417/447/442 418/448/443
f 420/453/447 422/452/446 418/448/443
f 402/454/425 401/684/431 406/455/430
f 423/457/448 424/461/452 425/458/449
f 427/460/451 428/533/509 424/461/452
f 423/457/448 429/463/454 430/462/453
f 426/459/450 431/473/464 429/463/454
f 432/464/455 433/468/459 434/465/456
f 436/467/458 437/476/466 433/468/459
f 432/464/455 438/470/461 439/469/460
f 435/466/457 440/505/486 438/470/461
f 426/459/450 425/458/449 442/471/462
f 431/473/464 426/459/450 441/472/463
f 441/475/463 433/468/459 437/476/466
f 442/478/462 434/465/456 433/468/459
f 444/479/467 445/535/510 446/480/468
f 449/482/470 445/535/510 444/479/467
f 450/484/472 451/531/507 448/485/471
f 452/487/473 450/484/472 444/486/467
f 454/489/474 455/511/490 456/490/475
f 458/492/477 454/489/474 453/491/476
f 453/494/476 459/498/480 460/495/479
f 456/497/475 461/530/506 459/498/480
f 462/499/481 463/503/485 464/500/482
f 466/502/484 428/533/509 463/503/485
f 462/504/481 467/527/504 440/505/486
f 468/507/487 467/527/504 462/504/481
f 454/489/474 458/492/477 470/509/488
f 455/511/490 454/489/474 469/510/489
f 472/513/492 449/482/470 471/512/491
f 430/462/453 472/513/492 469/510/489
f 474/514/493 437/476/466 436/467/458
f 452/487/473 474/514/493 473/515/494
f 475/516/495 451/531/507 450/484/472
f 439/469/460 475/516/495 473/515/494
f 476/517/496 477/518/497 431/473/464
f 447/481/469 446/480/468 477/518/497
f 474/514/493 452/487/473 447/488/469
f 437/476/466 474/514/493 476/519/496
f 478/520/498 479/521/499 458/492/477
f 465/501/483 464/500/482 479/521/499
f 480/522/500 468/507/487 465/508/483
f 460/495/479 480/522/500 478/523/498
f 463/503/485 428/533/509 427/460/451
f 464/500/482 463/503/485 481/524/501
f 470/509/488 458/492/477 479/521/499
f 430/462/453 470/509/488 481/524/501
f 482/525/502 483/526/503 439/469/460
f 480/522/500 460/495/479 483/526/503
f 482/525/502 467/527/504 468/507/487
f 438/470/461 440/505/486 467/527/504
f 471/512/491 449/482/470 448/483/471
f 455/511/490 471/512/491 484/528/505
f 484/529/505 485/537/512 461/530/506
f 451/531/507 485/537/512 484/529/505
f 486/532/508 424/461/452 428/533/509
f 425/458/449 424/461/452 486/532/508
f 486/534/508 435/466/457 434/465/456
f 466/506/484 440/505/486 435/466/457
f 445/535/510 449/482/470 472/513/492
f 446/480/468 445/535/510 487/536/511
f 429/463/454 431/473/464 477/518/497
f 430/462/453 429/463/454 487/536/511
f 485/537/512 451/531/507 475/516/495
f 461/530/506 485/537/512 488/538/513
f 483/526/503 460/495/479 459/498/480
f 439/469/460 483/526/503 488/538/513
f 490/539/514 491/687/514 492/540/514
f 494/542/515 495/688/515 496/543/515
f 492/545/516 491/689/516 495/546/516
f 493/548/4 489/690/4 492/549/4
f 490/551/517 489/691/517 493/552/517
f 491/554/267 490/692/267 496/555/267
f 498/557/518 499/606/518 500/558/519
f 501/560/521 502/562/522 498/557/522
f 503/561/524 504/693/525 502/562/525
f 499/563/527 504/693/527 503/561/528
f 497/559/520 500/558/519 506/565/530
f 507/567/532 501/560/521 497/559/523
f 508/568/534 503/561/524 501/560/526
f 500/564/529 503/561/528 508/568/536
f 509/570/538 505/566/531 506/565/530
f 507/567/532 505/566/533 509/570/539
f 508/568/534 507/567/535 511/572/541
f 510/574/543 506/569/537 508/568/536
f 513/575/545 509/570/538 510/571/538
f 511/572/540 509/570/539 513/575/546
f 512/573/542 511/572/541 515/577/547
f 514/579/549 510/574/543 512/573/544
f 517/580/551 513/575/545 514/576/545
f 515/577/546 513/575/546 517/580/552
f 516/578/548 515/577/547 519/582/553
f 518/584/555 514/579/549 516/578/550
f 517/580/551 518/581/551 522/585/556
f 523/587/557 519/582/552 517/580/552
f 524/588/559 520/583/554 519/582/553
f 518/584/555 520/583/555 524/588/561
f 521/586/556 522/585/556 526/590/563
f 527/592/565 523/587/557 521/586/558
f 528/593/567 524/588/559 523/587/560
f 522/589/562 524/588/561 528/593/569
f 529/595/571 525/591/564 526/590/563
f 527/592/565 525/591/566 529/595/573
f 528/593/567 527/592/568 531/597/575
f 530/599/577 526/594/570 528/593/569
f 533/600/579 529/595/571 530/596/572
f 531/597/574 529/595/573 533/600/580
f 532/598/576 531/597/575 535/602/582
f 534/604/583 530/599/577 532/598/578
f 502/605/584 504/694/641 499/606/584
f 537/612/589 538/616/590 539/613/590
f 541/615/591 542/695/592 538/616/592
f 544/617/593 542/695/593 541/615/594
f 539/619/595 544/617/595 543/618/596
f 537/612/589 540/614/589 546/621/597
f 541/615/591 537/612/591 545/622/599
f 548/624/600 543/618/594 541/615/594
f 546/625/602 540/620/596 543/618/596
f 545/622/598 546/621/597 550/626/603
f 551/628/605 547/623/599 545/622/599
f 552/629/606 548/624/600 547/623/601
f 546/625/602 548/624/602 552/629/608
f 553/631/609 549/627/604 550/626/603
f 551/628/605 549/627/605 553/631/611
f 552/629/606 551/628/607 555/633/612
f 554/635/614 550/630/608 552/629/608
f 557/636/616 553/631/609 554/632/610
f 559/638/617 555/633/611 553/631/611
f 556/634/613 555/633/612 559/638/618
f 554/635/614 556/634/615 560/639/619
f 557/636/616 558/637/616 562/641/620
f 559/638/617 557/636/617 561/642/621
f 564/644/622 560/639/618 559/638/618
f 562/645/623 558/640/619 560/639/619
f 544/646/624 539/613/642 538/647/624
usemtl default2
f 21/696/643 23/697/644 24/698/645
f 22/699/646 26/700/647 23/697/644
f 25/701/648 28/702/649 26/700/647
f 29/703/650 31/704/651 32/705/652
f 30/706/653 34/707/654 31/704/651
f 35/708/655 24/698/645 23/697/644
f 37/709/656 23/697/644 26/700/647
f 38/710/657 26/700/647 28/702/649
f 28/702/649 39/711/658 40/712/659
f 40/712/659 41/713/660 42/714/661
f 43/715/662 30/706/653 29/703/650
f 44/716/663 33/717/664 30/706/653
f 46/718/665 48/719/666 49/720/667
f 50/721/668 47/722/669 46/718/665
f 32/705/652 50/721/668 29/703/650
f 52/723/670 54/724/671 55/725/672
f 56/726/673 53/727/674 52/723/670
f 43/715/662 56/726/673 58/728/675
f 38/710/657 60/729/676 58/728/675
f 59/730/677 62/731/678 60/729/676
f 58/728/675 44/716/663 43/715/662
f 60/729/676 45/732/679 44/716/663
f 53/727/674 49/720/667 54/724/671
f 57/733/680 46/718/665 53/727/674
f 29/703/650 57/733/680 43/715/662
f 55/725/672 35/708/655 52/723/670
f 56/726/673 35/708/655 37/709/656
f 58/728/675 37/709/656 38/710/657
f 40/712/659 38/710/657 28/702/649
f 59/730/677 42/714/661 61/734/681
f 269/735/682 271/736/683 272/737/684
f 272/737/684 273/738/685 274/739/686
f 274/739/686 275/740/687 276/741/688
f 277/742/689 279/743/690 280/744/691
f 280/744/691 281/745/692 282/746/693
f 283/747/694 270/748/695 284/749/696
f 285/750/697 271/736/683 283/747/694
f 286/751/698 273/738/685 285/750/697
f 275/740/687 288/752/699 276/741/688
f 287/753/700 290/754/701 288/752/699
f 291/755/702 280/744/691 292/756/703
f 292/756/703 282/746/693 293/757/704
f 294/758/705 296/759/706 297/760/707
f 298/761/708 297/760/707 299/762/709
f 278/763/710 298/761/708 299/762/709
f 300/764/711 302/765/712 303/766/713
f 304/767/714 303/766/713 305/768/715
f 291/755/702 304/767/714 305/768/715
f 286/751/698 307/769/716 308/770/717
f 309/771/718 308/770/717 307/769/716
f 306/772/719 292/756/703 307/769/716
f 307/769/716 293/757/704 309/771/718
f 303/766/713 295/773/720 294/758/705
f 305/768/715 294/758/705 298/761/708
f 277/742/689 305/768/715 298/761/708
f 283/747/694 301/774/721 300/764/711
f 304/767/714 283/747/694 300/764/711
f 306/772/719 285/750/697 304/767/714
f 286/751/698 287/753/700 275/740/687
f 308/770/717 289/775/722 287/753/700
f 21/696/643 22/699/646 23/697/644
f 22/699/646 25/701/648 26/700/647
f 25/701/648 27/776/723 28/702/649
f 29/703/650 30/706/653 31/704/651
f 30/706/653 33/717/664 34/707/654
f 35/708/655 36/777/724 24/698/645
f 37/709/656 35/708/655 23/697/644
f 38/710/657 37/709/656 26/700/647
f 28/702/649 27/776/723 39/711/658
f 40/712/659 39/711/658 41/713/660
f 43/715/662 44/716/663 30/706/653
f 44/716/663 45/732/679 33/717/664
f 46/718/665 47/722/669 48/719/666
f 50/721/668 51/778/725 47/722/669
f 32/705/652 51/778/725 50/721/668
f 52/723/670 53/727/674 54/724/671
f 56/726/673 57/733/680 53/727/674
f 43/715/662 57/733/680 56/726/673
f 38/710/657 59/730/677 60/729/676
f 59/730/677 61/734/681 62/731/678
f 58/728/675 60/729/676 44/716/663
f 60/729/676 62/731/678 45/732/679
f 53/727/674 46/718/665 49/720/667
f 57/733/680 50/721/668 46/718/665
f 29/703/650 50/721/668 57/733/680
f 55/725/672 36/777/724 35/708/655
f 56/726/673 52/723/670 35/708/655
f 58/728/675 56/726/673 37/709/656
f 40/712/659 59/730/677 38/710/657
f 59/730/677 40/712/659 42/714/661
f 269/735/682 270/748/695 271/736/683
f 272/737/684 271/736/683 273/738/685
f 274/739/686 273/738/685 275/740/687
f 277/742/689 278/763/710 279/743/690
f 280/744/691 279/743/690 281/745/692
f 283/747/694 271/736/683 270/748/695
f 285/750/697 273/738/685 271/736/683
f 286/751/698 275/740/687 273/738/685
f 275/740/687 287/753/700 288/752/699
f 287/753/700 289/775/722 290/754/701
f 291/755/702 277/742/689 280/744/691
f 292/756/703 280/744/691 282/746/693
f 294/758/705 295/773/720 296/759/706
f 298/761/708 294/758/705 297/760/707
f 278/763/710 277/742/689 298/761/708
f 300/764/711 301/774/721 302/765/712
f 304/767/714 300/764/711 303/766/713
f 291/755/702 306/772/719 304/767/714
f 286/751/698 306/772/719 307/769/716
f 309/771/718 310/779/726 308/770/717
f 306/772/719 291/755/702 292/756/703
f 307/769/716 292/756/703 293/757/704
f 303/766/713 302/765/712 295/773/720
f 305/768/715 303/766/713 294/758/705
f 277/742/689 291/755/702 305/768/715
f 283/747/694 284/749/696 301/774/721
f 304/767/714 285/750/697 283/747/694
f 306/772/719 286/751/698 285/750/697
f 286/751/698 308/770/717 287/753/700
f 308/770/717 310/779/726 289/775/722
l 251 252
l 2 4
l 250 251
l 1 2
l 1 3
l 249 250
l 249 252
l 3 4
